  5.525
 21.983
 20.350
 48.176
  9.060
 21.655
  8.032
  9.072
 14.611
 18.401
 10.704
  0.234
 16.700
  1.797
  4.608
  1.631
  0.792
  6.525
  1.489
 28.896
 22.141
 15.470
  6.039
  5.333
  9.880
  2.294
  8.158
 32.676
 94.569
 23.759
 44.540
 26.316
 38.866
  7.400
 14.762
 37.531
 10.179
  0.832
  5.311
 33.578
  1.560
  4.752
  9.744
 16.867
 10.354
 26.498
 18.654
 11.743
  9.869
 16.796
 14.556
 19.454
  2.251
 11.845
 27.591
 51.854
 12.561
 50.912
  4.612
  0.187
 25.763
 16.544
  4.864
 20.502
 17.122
 41.648
  0.046
 11.688
 23.039
 10.711
 38.499
  4.565
 51.158
 43.172
  3.066
 10.214
 21.295
 34.031
  3.969
 31.849
  4.997
 11.080
 52.128
  0.699
 19.758
 38.550
  8.432
  4.425
 39.436
  2.812
 39.864
  2.683
  3.057
  8.233
 20.434
  1.603
  3.108
  5.088
 15.126
 40.470
