  5.525
 13.754
 15.953
 24.008
 21.019
 21.125
 19.254
 17.982
 17.607
 17.687
 17.052
 15.650
 15.731
 14.736
 14.061
 13.284
 12.549
 12.214
 11.650
 12.512
 12.971
 13.084
 12.778
 12.468
 12.364
 11.977
 11.835
 12.580
 15.407
 15.685
 16.616
 16.919
 17.584
 17.285
 17.213
 17.777
 17.572
 17.131
 16.828
 17.247
 16.864
 16.576
 16.417
 16.427
 16.292
 16.514
 16.560
 16.459
 16.325
 16.334
 16.299
 16.360
 16.094
 16.015
 16.226
 16.862
 16.786
 17.375
 17.158
 16.876
 17.021
 17.014
 16.821
 16.878
 16.882
 17.257
 17.000
 16.922
 17.011
 16.921
 17.225
 17.049
 17.516
 17.863
 17.666
 17.568
 17.616
 17.826
 17.651
 17.828
 17.670
 17.590
 18.006
 17.800
 17.823
 18.064
 17.953
 17.799
 18.043
 17.873
 18.115
 17.947
 17.787
 17.685
 17.714
 17.547
 17.398
 17.272
 17.250
 17.483
