  0.000
  8.229
  7.403
 15.356
 14.980
 13.676
 13.465
 13.038
 12.338
 11.707
 11.341
 11.812
 11.352
 11.512
 11.405
 11.446
 11.486
 11.248
 11.207
 11.551
 11.458
 11.207
 11.054
 10.923
 10.715
 10.683
 10.509
 11.020
 18.468
 18.219
 18.634
 18.418
 18.523
 18.329
 18.071
 18.128
 17.924
 17.888
 17.756
 17.727
 17.675
 17.561
 17.386
 17.188
 17.019
 16.899
 16.721
 16.560
 16.417
 16.252
 16.094
 15.944
 15.909
 15.772
 15.704
 16.263
 16.129
 16.595
 16.536
 16.541
 16.444
 16.311
 16.252
 16.131
 16.006
 16.170
 16.184
 16.077
 15.977
 15.880
 15.972
 15.929
 16.309
 16.467
 16.445
 16.358
 16.257
 16.258
 16.229
 16.204
 16.166
 16.083
 16.424
 16.434
 16.338
 16.394
 16.332
 16.302
 16.370
 16.357
 16.427
 16.416
 16.400
 16.342
 16.258
 16.255
 16.237
 16.201
 16.121
 16.205
