1.037
0.882
1.183
1.340
1.451
0.510
0.936
0.521
0.888
0.627
1.682
1.048
0.827
0.825
1.697
1.547
1.793
0.919
0.600
0.691
0.781
1.355
1.070
1.666
1.361
1.417
1.124
0.951
0.679
0.272
1.708
1.057
0.903
1.003
1.737
1.570
1.196
1.154
1.126
0.672
1.252
1.080
1.007
1.050
1.363
1.347
1.099
0.978
0.893
0.876
1.212
1.667
0.310
1.267
1.688
1.276
0.392
1.747
0.849
1.564
1.245
0.957
1.223
0.260
0.973
0.951
1.140
1.001
1.366
1.872
0.551
1.723
0.462
1.478
0.772
1.230
0.687
1.225
1.219
0.622
1.207
1.461
1.220
1.355
1.568
1.639
0.728
1.609
1.598
0.788
1.210
1.655
1.058
1.081
0.334
0.633
1.216
0.952
1.054
1.154
0.525
0.071
0.446
1.304
1.543
1.289
1.635
1.009
1.145
0.441
0.684
1.177
1.314
1.278
0.613
0.749
0.756
1.498
1.845
0.780
0.548
1.074
0.869
1.321
1.508
1.273
1.370
1.276
0.871
1.090
1.384
0.617
0.972
1.078
0.250
0.933
1.128
1.501
1.781
1.572
0.697
1.119
1.222
1.187
0.834
1.223
0.764
1.312
1.036
1.603
1.803
1.632
0.472
0.640
1.929
1.051
1.168
1.721
0.909
0.160
1.348
0.771
1.186
1.926
1.504
0.357
0.821
0.978
1.142
1.214
1.834
1.577
1.699
1.411
1.718
1.992
1.300
0.857
0.426
1.119
1.686
0.858
1.010
1.842
1.584
0.250
1.327
1.524
1.121
0.989
1.608
0.591
1.285
0.984
1.457
0.907
1.151
1.513
1.699
0.453
1.073
0.723
1.319
1.663
0.876
1.172
0.226
1.297
0.606
1.333
0.955
1.255
0.583
0.997
0.692
0.825
1.754
1.445
0.837
0.563
0.752
1.345
1.008
1.150
1.365
1.099
1.034
1.485
1.252
0.599
1.540
1.248
1.131
1.529
0.857
1.389
0.269
1.399
1.858
1.373
1.181
1.503
0.221
1.550
1.166
0.497
1.962
1.449
0.665
1.583
0.562
0.128
1.893
1.228
0.324
1.395
0.384
1.371
1.321
0.823
0.844
1.185
1.735
1.564
0.803
1.196
1.039
1.654
1.130
0.981
1.609
1.337
1.212
1.518
1.110
1.634
1.903
1.825
1.659
1.084
1.153
1.449
0.754
1.049
0.698
1.215
0.410
0.512
1.552
1.979
0.820
0.996
0.516
1.097
1.233
1.401
1.969
1.183
1.293
0.195
1.279
0.948
0.977
0.922
1.633
0.443
1.319
1.266
1.517
1.142
0.921
1.325
0.898
1.463
1.060
1.538
1.129
0.826
0.998
1.055
1.250
1.051
1.591
1.205
1.243
1.365
1.483
1.234
1.615
0.518
1.342
1.261
1.527
0.386
1.223
1.098
0.988
0.350
1.495
1.298
0.708
0.911
1.036
0.935
0.680
0.617
1.162
1.866
0.549
0.949
1.078
1.453
1.408
1.389
1.009
1.855
1.605
0.987
1.763
1.005
1.020
0.772
1.433
1.758
0.919
1.652
1.932
0.673
1.151
1.019
0.998
0.765
1.121
1.167
1.436
0.669
0.793
1.054
1.462
0.781
0.780
0.861
0.795
1.847
0.887
1.758
1.851
0.714
1.572
1.568
0.097
0.275
1.670
1.084
1.011
1.334
1.067
1.612
1.372
0.762
1.155
1.410
0.739
0.259
1.011
0.576
1.686
1.564
1.266
1.323
0.821
0.631
1.593
1.283
1.476
1.212
1.255
1.602
1.006
1.056
1.936
1.888
1.974
1.130
1.089
0.763
1.726
1.589
1.617
0.668
1.049
0.512
1.121
0.224
1.853
1.669
0.117
0.603
0.523
0.254
0.576
0.768
0.985
1.472
1.249
1.596
0.636
1.084
1.601
1.209
1.023
1.269
1.299
1.452
0.884
0.840
0.688
1.573
0.856
0.994
1.219
0.936
1.876
0.718
1.604
0.845
0.885
1.027
1.003
1.103
1.615
0.993
0.633
1.698
1.265
0.486
0.460
1.281
1.610
1.546
1.760
1.224
1.458
0.949
1.157
1.686
1.863
1.321
0.863
0.894
1.954
1.719
0.856
0.554
1.512
1.179
1.543
1.053
1.120
0.623
1.381
1.541
0.887
0.883
1.519
1.080
1.655
0.799
1.292
1.439
1.317
1.139
0.421
1.160
1.054
1.436
1.081
1.580
0.333
0.490
0.368
0.557
1.635
1.280
0.984
1.407
0.846
1.737
1.415
1.629
0.993
0.338
1.143
1.601
1.149
1.293
1.253
1.082
1.641
0.868
0.884
1.272
1.063
1.212
0.904
0.754
1.134
0.535
1.519
1.952
1.513
1.058
1.688
1.283
1.191
0.643
1.688
1.616
1.476
1.758
1.234
1.707
1.541
1.247
1.767
1.463
0.774
0.550
1.426
1.022
1.223
0.770
1.102
0.961
0.985
1.351
1.756
1.412
0.488
0.634
1.578
0.872
1.502
0.730
0.631
1.619
1.188
0.049
1.963
1.326
1.883
1.621
0.471
1.138
1.744
0.649
1.711
0.545
1.198
1.785
1.352
1.004
1.644
1.605
1.020
1.259
1.151
1.482
0.959
1.320
1.036
0.747
1.499
1.738
1.670
1.366
1.338
1.572
1.007
1.400
0.234
1.282
0.567
0.597
1.680
1.634
1.207
1.438
1.746
0.371
1.167
1.394
1.542
0.926
1.822
1.115
0.826
0.542
0.502
0.675
1.848
1.142
1.531
0.903
0.993
1.723
1.146
1.316
0.852
1.149
0.655
1.067
0.653
0.328
1.033
0.395
0.069
0.532
0.314
1.038
0.607
1.497
0.879
1.550
1.372
0.873
0.730
0.546
1.655
1.500
1.431
0.178
1.405
1.348
1.058
0.688
1.542
1.078
0.761
1.786
1.596
1.926
1.316
0.464
0.967
1.271
1.410
1.572
1.952
0.574
0.786
1.581
0.480
0.615
0.530
1.021
1.260
0.507
1.708
1.372
0.831
1.205
1.574
0.790
1.303
1.327
1.378
1.001
1.244
0.962
0.498
1.306
1.129
0.870
0.796
0.940
1.251
0.896
1.072
0.604
0.457
1.535
1.542
1.524
0.860
1.030
0.715
1.056
1.461
1.077
0.159
0.308
0.515
1.146
1.137
1.819
1.792
0.348
1.180
1.464
0.890
1.671
1.413
0.294
1.230
0.988
1.000
0.933
0.474
1.678
1.059
1.740
0.295
1.046
1.586
1.339
0.884
0.986
0.968
1.833
0.983
1.041
1.555
0.512
1.064
0.646
1.410
1.268
0.728
0.885
1.372
0.997
1.374
1.430
1.975
1.344
0.953
0.806
1.488
0.524
0.562
0.589
0.670
1.296
1.670
0.671
0.868
0.849
1.158
1.103
0.865
1.180
0.336
0.300
1.196
1.508
1.747
0.552
1.451
1.128
0.367
1.732
1.491
0.877
1.758
0.666
1.312
0.126
1.130
0.715
1.309
1.469
1.524
1.557
1.139
1.466
1.775
1.731
0.977
0.377
1.647
1.399
0.948
0.917
1.085
1.334
1.779
0.510
0.997
1.368
0.578
1.006
0.765
1.910
0.598
0.911
1.508
1.281
1.136
0.672
0.950
1.919
1.023
1.058
0.728
1.776
1.252
1.535
0.406
1.206
1.483
1.016
0.546
1.571
1.560
0.968
0.536
1.628
1.154
0.850
1.505
0.175
1.436
1.758
1.015
1.567
1.734
1.044
1.072
1.251
1.353
1.649
1.372
1.047
0.965
1.523
1.792
1.501
0.919
0.505
1.137
1.212
1.565
1.196
1.596
1.796
1.719
1.727
1.100
1.016
1.154
1.213
1.416
1.499
1.101
1.538
1.504
1.241
0.971
1.947
0.950
1.735
1.578
0.805
1.368
1.911
1.486
1.315
1.232
0.481
1.411
0.799
1.231
1.877
1.565
1.397
1.018
0.464
1.026
0.653
0.981
1.375
1.171
0.625
0.966
0.978
0.338
0.458
0.430
0.379
1.237
1.428
0.468
1.662
1.277
0.861
1.061
1.156
1.263
0.732
1.227
1.192
0.923
0.748
1.047
1.442
1.908
1.130
0.778
1.193
1.196
1.587
0.448
1.143
1.591
1.100
1.420
1.570
0.969
0.506
1.119
1.281
0.427
0.643
0.901
0.923
0.577
0.489
1.106
0.305
0.924
1.850
1.672
0.632
1.604
1.219
0.577
1.677
0.266
0.706
0.866
0.784
0.933
1.390
1.137
0.167
1.267
1.456
1.174
0.977
1.500
1.005
1.359
1.584
1.266
1.279
0.786
1.814
0.990
0.710
