1.796
1.065
1.953
2.303
2.326
0.553
1.246
0.804
1.730
1.170
2.635
1.796
1.213
1.268
2.398
2.166
2.689
1.258
0.749
1.113
1.474
2.274
1.684
2.666
2.282
2.259
2.124
1.099
0.835
0.306
2.635
1.865
1.170
2.003
2.732
2.244
1.441
2.142
1.538
1.136
2.250
1.206
1.326
1.710
1.823
1.790
2.033
1.257
1.619
1.162
2.205
2.462
0.468
2.120
2.670
1.984
0.478
2.707
1.352
2.555
1.981
1.545
2.175
0.358
1.844
1.835
2.125
1.019
1.941
2.783
0.996
2.671
0.782
2.064
0.802
1.685
0.888
1.815
2.218
0.994
1.537
2.286
1.717
2.270
2.490
2.638
0.938
2.273
2.552
1.477
2.084
2.555
2.008
1.917
0.392
1.049
2.202
1.128
1.605
2.070
0.912
0.078
0.831
2.304
2.535
2.285
2.560
1.214
2.101
0.575
1.010
2.164
1.812
1.938
1.097
1.471
0.921
2.411
2.839
1.421
0.657
1.958
1.480
2.310
2.507
2.225
2.345
2.275
1.522
1.925
2.071
0.980
1.909
1.974
0.317
1.573
1.942
2.275
2.656
2.550
1.214
1.960
1.644
1.444
1.483
1.830
1.143
2.004
2.000
2.226
2.763
2.632
0.544
0.889
2.925
1.910
2.054
2.702
1.603
0.289
2.321
1.208
1.765
2.926
2.275
0.651
0.975
1.045
1.703
2.153
2.793
2.576
2.687
2.211
2.497
2.987
2.155
0.995
0.563
2.118
2.684
1.111
1.199
2.834
2.375
0.329
2.191
2.520
1.412
1.425
2.482
0.741
2.232
1.569
2.456
1.224
1.410
2.501
2.531
0.795
2.059
1.401
2.107
2.563
1.549
1.447
0.329
2.263
0.899
1.757
1.295
1.810
1.054
1.062
0.829
1.534
2.568
2.432
1.529
1.000
1.388
1.992
1.540
2.140
2.342
1.996
1.369
2.068
1.712
0.600
2.526
2.187
1.861
2.192
1.371
2.154
0.485
1.825
2.837
2.373
1.484
2.375
0.253
2.373
2.046
0.642
2.949
2.444
0.891
2.320
0.613
0.190
2.865
2.124
0.626
2.232
0.745
2.289
2.125
1.292
1.359
1.558
2.517
2.365
1.300
1.940
1.143
2.565
1.531
1.704
2.487
2.329
2.212
2.040
1.954
2.400
2.855
2.793
2.613
2.015
2.075
2.205
0.919
1.413
0.981
1.902
0.676
0.767
2.550
2.979
1.326
1.790
0.729
1.816
2.227
2.109
2.961
1.814
2.292
0.378
1.698
1.262
1.570
1.517
2.592
0.587
2.083
1.923
2.129
1.432
1.805
2.174
1.788
2.423
1.471
2.271
1.314
0.910
1.833
1.836
2.161
2.044
2.331
1.628
2.087
2.194
2.443
2.188
2.592
0.726
2.062
2.256
2.520
0.492
1.586
1.323
1.429
0.626
2.456
1.878
1.372
0.918
2.035
1.315
1.352
0.964
2.162
2.865
0.952
1.324
1.273
2.066
2.079
2.258
2.007
2.736
2.516
1.752
2.751
1.836
1.227
1.021
1.922
2.749
1.594
2.324
2.928
1.059
1.916
1.990
1.462
1.049
2.100
1.657
2.435
0.984
0.901
2.021
1.992
1.226
1.464
1.669
1.587
2.845
1.517
2.695
2.802
1.021
2.570
2.253
0.111
0.375
2.633
1.208
1.155
2.312
1.874
2.498
2.188
1.051
1.791
2.328
0.767
0.284
1.458
0.873
2.490
2.458
1.897
2.075
1.330
0.792
2.355
2.277
2.301
2.156
2.234
2.377
1.012
1.751
2.875
2.858
2.953
1.432
1.916
0.997
2.718
2.203
2.419
1.217
2.049
0.955
2.044
0.299
2.852
2.595
0.178
1.029
0.994
0.270
1.016
1.502
1.951
2.407
2.070
2.595
0.960
1.468
2.337
2.166
1.122
1.676
2.177
2.452
1.288
1.097
1.365
2.420
0.863
1.404
1.736
1.093
2.875
1.033
2.475
1.508
1.759
1.785
1.189
1.987
2.552
1.706
1.034
2.485
2.170
0.577
0.823
1.576
2.561
2.428
2.720
1.906
2.448
1.712
1.487
2.570
2.861
2.117
1.237
1.340
2.943
2.717
1.526
1.034
2.095
1.410
2.505
2.052
2.044
1.209
2.381
2.436
1.049
1.646
2.174
2.078
2.646
1.140
1.825
2.239
1.836
2.138
0.613
2.018
2.035
2.282
2.040
2.205
0.457
0.533
0.444
0.833
2.308
1.734
1.592
2.206
1.411
2.558
2.412
2.369
1.096
0.531
1.645
2.512
2.144
1.776
1.841
1.326
2.377
1.261
1.577
1.803
2.057
2.131
1.606
0.968
1.610
0.599
2.339
2.938
2.237
1.746
2.574
2.237
1.945
0.854
2.669
2.582
2.439
2.566
2.113
2.683
2.370
2.200
2.722
2.142
1.369
1.089
1.987
1.390
1.708
0.927
1.340
1.072
0.993
2.075
2.696
2.360
0.537
1.061
2.554
1.113
2.396
1.085
1.029
2.600
1.607
0.055
2.953
2.171
2.789
2.459
0.491
1.964
2.648
0.695
2.677
0.991
1.864
2.757
1.945
1.369
2.414
2.290
1.756
1.625
2.046
2.464
1.839
2.280
1.732
1.434
2.299
2.735
2.397
2.295
2.334
2.380
1.437
2.052
0.455
2.269
0.767
0.779
2.679
2.520
2.172
2.052
2.561
0.524
1.786
2.230
2.400
1.125
2.814
2.107
1.407
0.651
0.821
1.270
2.763
1.909
2.520
0.990
1.013
2.722
1.657
1.877
1.509
2.097
0.694
1.776
1.080
0.599
1.795
0.788
0.092
1.005
0.490
1.095
1.098
2.456
1.577
2.548
1.851
0.929
1.002
0.647
2.631
2.414
2.384
0.314
2.370
2.338
1.791
0.689
2.406
1.537
1.312
2.646
2.328
2.890
2.062
0.556
1.611
1.811
2.368
2.477
2.940
1.120
1.394
2.489
0.752
1.127
0.594
1.056
2.260
0.616
2.593
2.228
1.202
2.013
2.317
1.169
2.172
2.062
1.917
1.999
2.164
1.347
0.806
2.223
1.502
1.053
1.421
1.590
2.094
1.365
2.032
1.086
0.551
2.436
2.228
2.512
1.247
1.439
0.727
1.985
1.994
1.471
0.296
0.446
0.778
2.117
1.981
2.819
2.668
0.416
1.805
2.236
1.407
2.671
2.199
0.415
2.163
1.446
1.978
1.631
0.531
2.399
1.243
2.560
0.381
1.723
2.250
1.809
1.384
1.382
1.718
2.817
1.743
1.634
2.554
0.870
1.645
0.719
2.409
1.719
1.237
1.248
2.054
1.978
2.021
2.035
2.955
2.027
1.360
1.175
2.428
0.744
0.909
0.701
1.320
1.920
2.365
1.073
1.150
0.921
2.157
1.846
0.958
1.735
0.472
0.501
1.537
2.081
2.710
0.873
2.408
2.015
0.397
2.723
2.266
0.890
2.718
0.677
1.817
0.154
1.526
0.891
2.199
2.205
2.497
2.512
1.456
2.252
2.608
2.665
1.378
0.609
2.564
2.164
0.971
0.965
1.806
2.125
2.710
0.960
1.753
2.264
0.723
1.347
0.984
2.857
0.922
1.163
2.159
2.247
2.135
1.232
1.297
2.901
1.851
2.057
1.011
2.702
1.909
2.103
0.492
2.119
2.464
2.016
0.971
2.538
2.366
1.643
0.820
2.547
2.114
1.503
2.319
0.337
2.205
2.668
1.355
2.398
2.559
2.040
1.396
1.842
2.086
2.580
2.337
2.021
1.408
2.427
2.618
2.416
1.700
0.514
1.497
1.789
2.506
1.773
2.427
2.689
2.678
2.490
1.716
2.003
1.932
2.213
2.094
2.075
2.004
2.355
2.504
1.488
1.406
2.918
1.390
2.613
2.445
1.403
2.241
2.874
2.189
2.297
2.151
0.906
2.408
0.862
2.215
2.864
2.488
2.397
1.404
0.920
1.074
0.748
1.578
2.168
1.729
0.966
1.624
1.015
0.354
0.859
0.455
0.458
1.873
2.056
0.520
2.519
2.090
1.360
2.048
1.577
2.258
0.788
2.113
1.960
1.089
1.415
1.840
2.168
2.857
2.128
1.288
2.193
2.078
2.287
0.868
1.687
2.443
1.266
2.266
2.518
1.859
0.637
1.767
2.185
0.485
1.121
1.742
1.706
1.135
0.707
2.103
0.333
1.320
2.836
2.535
1.091
2.411
2.181
0.756
2.665
0.308
1.049
1.732
1.244
1.781
2.345
2.065
0.208
2.255
2.216
1.943
1.552
2.453
1.432
2.335
2.545
2.264
2.273
0.872
2.795
1.584
1.008
