2.555
1.249
2.723
3.267
3.200
0.596
1.556
1.088
2.572
1.713
3.589
2.545
1.600
1.712
3.099
2.786
3.584
1.596
0.899
1.535
2.168
3.192
2.298
3.666
3.202
3.100
3.124
1.247
0.992
0.341
3.562
2.673
1.438
3.003
3.726
2.919
1.687
3.130
1.950
1.600
3.248
1.332
1.646
2.369
2.284
2.233
2.967
1.536
2.345
1.449
3.198
3.257
0.626
2.974
3.652
2.693
0.563
3.667
1.856
3.545
2.718
2.134
3.127
0.455
2.715
2.719
3.110
1.037
2.516
3.695
1.441
3.620
1.102
2.650
0.832
2.140
1.088
2.405
3.216
1.366
1.868
3.111
2.214
3.184
3.412
3.637
1.147
2.937
3.506
2.166
2.957
3.455
2.957
2.753
0.449
1.465
3.188
1.304
2.156
2.986
1.299
0.085
1.215
3.304
3.528
3.281
3.485
1.420
3.056
0.709
1.335
3.150
2.311
2.598
1.581
2.194
1.087
3.324
3.833
2.061
0.766
2.841
2.092
3.299
3.506
3.177
3.321
3.273
2.172
2.759
2.758
1.343
2.846
2.871
0.385
2.214
2.756
3.050
3.530
3.528
1.731
2.801
2.065
1.702
2.132
2.437
1.522
2.696
2.964
2.848
3.723
3.632
0.616
1.137
3.921
2.770
2.940
3.684
2.298
0.418
3.294
1.645
2.345
3.926
3.045
0.945
1.128
1.113
2.265
3.092
3.752
3.576
3.674
3.010
3.275
3.983
3.010
1.132
0.700
3.117
3.683
1.365
1.388
3.827
3.167
0.407
3.056
3.516
1.703
1.861
3.357
0.891
3.178
2.154
3.456
1.541
1.669
3.489
3.364
1.137
3.045
2.080
2.894
3.463
2.221
1.721
0.432
3.228
1.192
2.180
1.635
2.364
1.525
1.127
0.966
2.243
3.381
3.420
2.221
1.437
2.025
2.640
2.072
3.129
3.319
2.894
1.704
2.651
2.171
0.601
3.511
3.126
2.591
2.855
1.886
2.920
0.701
2.251
3.817
3.372
1.788
3.247
0.286
3.196
2.926
0.788
3.936
3.439
1.116
3.056
0.663
0.252
3.837
3.021
0.929
3.068
1.106
3.207
2.929
1.761
1.873
1.930
3.300
3.166
1.797
2.683
1.246
3.476
1.932
2.427
3.365
3.321
3.212
2.562
2.798
3.165
3.807
3.761
3.567
2.946
2.996
2.960
1.084
1.778
1.265
2.588
0.941
1.023
3.548
3.979
1.831
2.585
0.943
2.536
3.221
2.817
3.954
2.444
3.291
0.561
2.116
1.576
2.164
2.113
3.551
0.730
2.848
2.581
2.742
1.721
2.688
3.022
2.679
3.384
1.881
3.005
1.499
0.995
2.668
2.617
3.071
3.038
3.072
2.052
2.931
3.023
3.404
3.143
3.569
0.933
2.783
3.250
3.513
0.598
1.950
1.547
1.870
0.902
3.417
2.459
2.035
0.924
3.033
1.695
2.023
1.311
3.162
3.864
1.354
1.699
1.468
2.679
2.750
3.128
3.005
3.616
3.426
2.517
3.739
2.666
1.433
1.271
2.410
3.739
2.269
2.996
3.925
1.445
2.681
2.962
1.926
1.334
3.079
2.148
3.435
1.299
1.009
2.988
2.522
1.671
2.148
2.476
2.378
3.844
2.148
3.631
3.754
1.327
3.569
2.938
0.125
0.475
3.597
1.332
1.300
3.291
2.681
3.384
3.004
1.340
2.427
3.245
0.796
0.308
1.904
1.170
3.294
3.353
2.528
2.827
1.839
0.954
3.117
3.270
3.126
3.100
3.214
3.153
1.019
2.446
3.815
3.828
3.932
1.734
2.743
1.230
3.709
2.817
3.221
1.765
3.049
1.397
2.967
0.374
3.850
3.521
0.238
1.455
1.465
0.285
1.456
2.237
2.916
3.342
2.892
3.593
1.285
1.852
3.073
3.123
1.221
2.084
3.056
3.452
1.692
1.354
2.042
3.268
0.869
1.815
2.253
1.250
3.873
1.347
3.347
2.170
2.633
2.543
1.375
2.872
3.490
2.418
1.435
3.272
3.076
0.668
1.185
1.871
3.513
3.309
3.680
2.589
3.437
2.475
1.817
3.454
3.859
2.914
1.611
1.787
3.932
3.716
2.197
1.514
2.678
1.641
3.468
3.051
2.969
1.795
3.381
3.331
1.212
2.408
2.829
3.075
3.636
1.482
2.358
3.038
2.354
3.136
0.805
2.876
3.016
3.128
2.999
2.829
0.580
0.576
0.520
1.108
2.982
2.189
2.199
3.005
1.976
3.378
3.408
3.108
1.198
0.724
2.147
3.423
3.138
2.260
2.430
1.569
3.112
1.654
2.269
2.333
3.051
3.051
2.308
1.183
2.085
0.663
3.158
3.925
2.961
2.434
3.461
3.192
2.698
1.065
3.651
3.549
3.402
3.374
2.993
3.658
3.200
3.153
3.677
2.821
1.964
1.628
2.548
1.758
2.193
1.084
1.579
1.184
1.001
2.798
3.636
3.308
0.585
1.487
3.529
1.355
3.290
1.441
1.428
3.580
2.027
0.061
3.943
3.016
3.695
3.297
0.512
2.790
3.552
0.740
3.642
1.437
2.529
3.729
2.539
1.733
3.183
2.975
2.491
1.992
2.941
3.447
2.719
3.241
2.427
2.121
3.098
3.732
3.123
3.224
3.330
3.188
1.867
2.704
0.677
3.257
0.967
0.962
3.679
3.406
3.138
2.666
3.375
0.677
2.406
3.065
3.258
1.325
3.807
3.098
1.989
0.760
1.140
1.866
3.677
2.676
3.508
1.076
1.033
3.722
2.169
2.438
2.166
3.045
0.734
2.485
1.508
0.869
2.557
1.181
0.115
1.478
0.666
1.152
1.590
3.415
2.274
3.546
2.330
0.985
1.274
0.748
3.607
3.329
3.336
0.451
3.335
3.329
2.524
0.689
3.270
1.996
1.863
3.506
3.059
3.855
2.809
0.647
2.254
2.350
3.327
3.382
3.928
1.666
2.003
3.397
1.024
1.639
0.658
1.090
3.259
0.725
3.478
3.084
1.572
2.820
3.060
1.548
3.042
2.797
2.456
2.998
3.085
1.732
1.115
3.140
1.876
1.236
2.046
2.240
2.937
1.835
2.992
1.568
0.644
3.337
2.915
3.500
1.634
1.848
0.739
2.914
2.527
1.865
0.433
0.583
1.041
3.088
2.826
3.819
3.544
0.483
2.430
3.008
1.923
3.670
2.986
0.537
3.097
1.905
2.956
2.329
0.588
3.120
1.427
3.381
0.467
2.400
2.913
2.278
1.884
1.778
2.469
3.802
2.502
2.227
3.554
1.228
2.226
0.792
3.408
2.169
1.745
1.611
2.736
2.960
2.667
2.640
3.936
2.709
1.766
1.543
3.368
0.965
1.256
0.813
1.969
2.543
3.060
1.474
1.432
0.993
3.156
2.588
1.051
2.290
0.607
0.702
1.878
2.654
3.672
1.194
3.366
2.902
0.427
3.714
3.042
0.903
3.677
0.689
2.322
0.182
1.923
1.067
3.089
2.941
3.470
3.466
1.773
3.038
3.442
3.600
1.780
0.841
3.481
2.928
0.995
1.012
2.528
2.916
3.640
1.411
2.508
3.159
0.868
1.689
1.202
3.803
1.246
1.416
2.811
3.213
3.134
1.792
1.644
3.882
2.680
3.055
1.294
3.628
2.566
2.671
0.578
3.033
3.444
3.016
1.395
3.504
3.172
2.318
1.103
3.467
3.073
2.156
3.133
0.500
2.975
3.578
1.694
3.230
3.383
3.036
1.721
2.433
2.818
3.511
3.303
2.995
1.851
3.331
3.444
3.332
2.480
0.523
1.857
2.366
3.447
2.350
3.257
3.581
3.638
3.254
2.332
2.990
2.710
3.213
2.772
2.651
2.907
3.171
3.504
1.734
1.841
3.888
1.829
3.492
3.311
2.001
3.115
3.838
2.892
3.278
3.069
1.331
3.404
0.925
3.199
3.851
3.411
3.396
1.790
1.377
1.121
0.844
2.174
2.960
2.287
1.306
2.282
1.053
0.370
1.260
0.481
0.537
2.508
2.684
0.571
3.376
2.902
1.860
3.035
1.998
3.253
0.844
3.000
2.729
1.254
2.082
2.633
2.894
3.805
3.127
1.798
3.193
2.961
2.987
1.287
2.230
3.294
1.431
3.112
3.465
2.750
0.768
2.415
3.089
0.542
1.599
2.584
2.488
1.693
0.924
3.101
0.362
1.715
3.822
3.398
1.550
3.217
3.142
0.935
3.654
0.350
1.391
2.598
1.704
2.628
3.300
2.994
0.249
3.243
2.975
2.712
2.127
3.406
1.860
3.311
3.506
3.262
3.266
0.958
3.776
2.178
1.306
