  5.525
 21.983
 20.350
 48.176
  9.060
 21.655
  8.032
  9.072
 14.611
 18.401
 10.704
  0.234
 16.700
  1.797
  4.608
  1.631
  0.792
  6.525
  1.489
 28.896
 22.141
 15.470
  6.039
  5.333
  9.880
  2.294
  8.158
 32.676
 94.569
 23.759
 44.540
 26.316
 38.866
  7.400
 14.762
 37.531
 10.179
  0.832
  5.311
 33.578
  1.560
  4.752
  9.744
 16.867
 10.354
 26.498
 18.654
 11.743
  9.869
 16.796
 14.556
 19.454
  2.251
 11.845
 27.591
 51.854
 12.561
 50.912
  4.612
  0.187
 25.763
 16.544
  4.864
 20.502
 17.122
 41.648
  0.046
 11.688
 23.039
 10.711
 38.499
  4.565
 51.158
 43.172
  3.066
 10.214
 21.295
 34.031
  3.969
 31.849
  4.997
 11.080
 52.128
  0.699
 19.758
 38.550
  8.432
  4.425
 39.436
  2.812
 39.864
  2.683
  3.057
  8.233
 20.434
  1.603
  3.108
  5.088
 15.126
 40.470
  4.194
 10.557
 34.852
 20.885
  2.803
 50.766
  9.077
 19.085
 20.836
 13.990
 14.236
  4.905
  6.225
 61.248
 26.323
  8.953
  7.195
 30.325
 14.507
 13.366
 12.081
 22.675
  7.819
  3.798
  5.367
 15.538
  3.028
 59.048
  1.831
 18.517
  1.190
  7.191
  2.872
 13.792
 69.053
 87.717
 26.555
  3.690
 55.198
 17.142
  1.916
  2.697
 25.287
 15.683
  2.602
  1.861
 37.805
  3.779
 22.970
  0.166
 25.383
  2.770
 11.362
 46.703
 17.147
  3.810
  4.240
 12.396
  4.878
 35.844
 35.497
 37.960
 17.196
 19.974
 21.861
  3.075
  9.875
  7.787
 17.637
  7.951
 17.370
 12.309
 12.441
  1.181
 49.305
 24.902
 17.555
 15.443
  1.764
  4.710
  6.988
 18.441
 23.850
 17.522
  1.939
  8.650
  4.786
 19.637
  5.491
 67.930
  4.157
  2.496
  4.452
 13.718
 25.449
  0.984
 11.878
 28.614
  4.631
 16.968
  2.537
  2.298
  1.117
103.285
  1.081
 35.264
  6.170
 11.673
 13.577
 10.506
  5.900
 10.814
 21.004
 16.619
 27.650
 46.246
  3.570
  8.819
  6.236
 53.574
  7.528
 38.206
  3.596
 10.094
 28.701
 30.510
 16.354
  4.433
  2.363
 31.082
  0.442
  5.054
 15.214
  0.922
 14.972
 17.082
 32.329
 12.986
  2.541
 25.632
  9.848
 57.139
  3.588
 18.092
  5.058
  3.994
  6.868
 13.490
 12.072
 12.201
  6.595
 15.549
  8.509
 14.352
  5.529
 12.364
  4.230
 25.321
  5.026
 19.685
 20.288
 24.179
  4.983
 36.294
  0.616
 16.176
  3.386
 17.643
  3.434
  0.368
  5.870
 25.640
  6.418
 20.324
 21.991
 21.510
 40.302
 18.397
 15.341
  9.642
  3.369
 29.822
  5.530
 19.473
 27.435
 33.608
 44.963
  1.472
  3.471
 25.370
 16.274
 26.720
  8.277
  2.244
 16.433
 24.022
  1.264
  9.104
 66.685
 26.213
 31.512
 15.170
 16.996
 11.938
  8.697
 64.230
  8.424
 42.922
 46.071
 10.819
  3.628
 18.899
  5.623
 18.015
 22.818
 13.984
  4.094
 23.953
  0.545
 54.262
  7.978
 14.495
  6.901
  2.643
 15.831
 27.634
 44.232
 11.786
 22.467
  5.586
  1.090
  1.699
 18.748
 51.272
 40.933
  0.371
 14.752
  3.578
  5.468
  8.355
 35.321
 15.212
 14.665
 12.227
 21.165
 10.135
 16.066
  5.942
 47.928
 21.409
 96.076
 10.772
 10.027
  6.713
 21.644
  0.762
  5.809
 53.238
  2.164
 12.225
 19.769
 11.206
 15.781
  1.446
 29.255
  1.060
 32.204
 10.495
 26.690
  5.841
  3.212
 62.757
 10.531
 18.719
 12.752
 10.848
 30.080
 40.188
 13.721
 33.008
 22.450
 18.395
  9.869
 51.609
  7.022
  8.560
  8.682
  3.766
 10.382
 12.088
 15.131
 38.675
 37.797
 42.235
 12.684
 10.161
 34.286
  6.380
  2.014
  2.000
  1.556
 13.722
  0.769
 24.446
 12.887
  5.791
 24.497
  7.487
  3.861
 24.629
 38.740
 41.213
  2.240
  0.567
  6.859
 14.916
  6.391
 40.082
 40.685
  2.551
 16.215
 37.455
 20.493
  3.522
  2.025
 31.580
 45.890
 65.984
 13.778
 53.221
  2.101
  4.910
 47.979
  6.124
 10.372
 13.563
  2.677
 24.043
  2.296
  2.642
  2.089
  4.215
 20.319
 25.418
 10.978
 29.281
  2.986
 13.448
  8.331
 14.271
  3.814
  7.446
 20.461
  1.954
 39.443
  3.755
 26.725
 32.023
 15.515
  0.004
 13.773
 13.754
  6.272
 16.082
  8.712
 22.872
 34.219
 24.932
  7.114
 29.915
 16.590
  5.528
  0.935
 45.379
 61.526
  2.565
 35.910
  9.703
  7.955
 12.116
 35.655
  1.756
 16.938
 18.478
  3.538
  0.178
 22.034
 20.028
  5.748
 18.230
  7.343
  0.811
 62.786
 13.627
 10.288
 10.748
  9.834
 44.618
 31.862
 22.667
 12.207
  0.274
  1.154
 66.652
 43.040
 14.555
  6.829
  7.430
  0.362
  1.750
 13.903
 19.615
  0.391
  2.126
 10.277
 16.905
 12.391
  5.997
  7.423
  2.872
  6.809
  3.208
 28.480
  2.201
 51.594
  5.729
 24.470
 20.715
  6.207
  3.076
 10.266
  5.272
 46.558
  0.571
 23.083
 17.149
 22.176
  2.395
  5.081
 23.082
 22.354
 18.286
  7.180
 10.491
  4.049
 11.630
 93.945
 29.650
  5.269
  6.551
 34.580
  5.523
 51.420
  8.711
 33.101
  9.236
 20.743
 15.443
  2.830
  8.155
  4.488
 16.770
 20.143
 22.104
 15.112
 50.010
 19.626
 36.230
  9.097
  1.631
 12.780
  4.686
  2.655
  1.521
  5.036
  1.458
 13.748
 11.100
 66.275
 11.489
  6.431
 30.255
  3.818
  5.879
  6.120
 45.581
  8.065
 23.192
  4.653
 13.024
 20.122
 23.551
 63.553
 13.161
 13.643
 25.949
  5.910
 11.354
  0.199
 48.233
 33.412
  2.516
 17.054
  1.824
  8.225
  3.841
  6.729
  3.856
 19.050
 15.212
  6.051
  0.798
 13.750
  5.513
 15.927
  4.408
 39.992
 26.551
 32.480
  1.670
  0.663
 18.113
 10.999
  6.620
  0.130
  7.311
 11.855
  8.980
 17.859
  2.457
 27.716
 22.759
 49.065
  1.038
 22.986
  0.464
  3.033
 19.672
  5.463
  5.706
  7.060
 17.171
  1.002
 10.586
 32.286
  5.243
 25.826
 33.521
  8.649
 19.377
 13.032
 19.839
 12.546
 15.139
  5.560
  8.794
 17.259
 14.280
  6.313
 46.051
 16.536
  5.026
  5.283
 10.661
 12.999
 13.145
  5.591
  0.583
 33.268
 36.255
 35.134
 44.704
 13.486
 32.799
  1.309
  1.584
 12.959
 15.112
 21.476
 27.602
  0.768
  4.466
 39.952
  0.036
  0.663
 12.434
 13.783
  2.251
  0.146
 24.662
  5.344
  2.036
  3.006
 11.634
 34.231
 11.321
  2.689
 34.433
 14.538
 35.732
 36.483
  1.097
 31.094
  4.010
 22.670
 24.672
 12.442
 18.557
  0.183
 11.104
 62.605
 18.200
 20.187
  7.697
  4.248
 21.794
 25.350
 13.558
  3.261
  6.356
 28.546
  1.165
 12.590
  1.420
 49.172
 30.892
 24.795
 10.355
  4.751
 24.556
 66.764
  4.542
 46.489
 10.909
  5.750
 35.197
  8.283
 21.805
  0.815
 14.582
 13.004
  2.833
 11.109
  1.640
  2.593
 14.151
 19.178
  3.029
  9.742
 12.134
  7.415
  1.831
 19.661
 57.281
  1.560
 14.841
 45.526
 29.347
  6.967
 32.628
  1.720
 24.282
  0.935
  6.045
  0.065
  5.839
 32.074
 11.179
  5.029
 25.957
 29.333
 16.192
 39.038
 15.561
  8.909
 39.291
 14.465
 11.234
 36.362
 24.236
  1.478
 92.130
  3.265
  0.551
 20.844
 15.011
 55.031
  0.685
 34.272
 52.313
  7.467
  9.666
  5.111
  6.041
 22.031
  7.230
 13.787
  6.160
 10.880
  1.667
 12.463
  4.208
 11.536
  7.851
 21.064
 79.949
  4.549
 82.561
 14.154
  2.708
  5.555
  1.717
 36.376
  5.998
 18.787
 17.719
 17.126
  4.167
 14.367
  5.375
  6.359
  3.168
 10.758
  0.903
 30.193
 21.900
  5.811
 13.064
 17.901
  6.280
  5.312
  8.484
  5.471
  9.726
 29.748
 21.489
111.858
103.957
  7.604
 23.940
 98.227
 16.074
 42.482
 14.679
 88.455
 14.148
 29.924
  1.748
  5.166
  6.305
 12.820
  1.326
 22.542
 13.256
 62.509
 26.494
 28.764
 20.695
  2.158
  3.475
  0.847
 11.817
  1.228
 32.724
  3.744
 16.706
  2.738
  0.412
 32.776
 11.208
 23.091
  8.037
  0.997
  0.330
  3.315
 33.421
  0.904
 31.567
  4.644
  0.084
  2.492
  2.663
  0.572
  5.179
  0.332
 14.899
 13.064
 16.235
  9.467
  6.231
 15.496
 11.181
  6.343
 38.288
 20.472
 35.291
 34.029
  5.195
  4.943
 15.318
 43.812
  0.546
 33.624
  2.436
  9.255
  7.106
 10.248
 11.532
 11.138
  2.412
 14.871
  1.467
  0.198
 24.506
 21.994
 19.277
 32.274
  0.033
 14.862
  2.460
 20.588
  3.228
 25.620
 50.832
 35.730
 11.178
  8.779
 38.829
 22.389
 18.495
  3.429
  4.454
  0.181
 18.413
  5.335
 22.024
 28.941
  1.041
  4.191
 18.072
 19.205
 16.139
  5.598
 23.399
  4.495
  2.392
 41.135
  5.784
  7.557
  7.603
  8.531
 60.187
  1.756
 36.330
 71.870
 39.943
 18.241
 15.549
 18.593
 18.175
 27.321
 15.159
 13.265
 24.331
 10.768
 10.259
  3.488
 21.860
 29.828
  1.924
 27.473
 18.075
 33.988
 11.154
 12.628
 20.850
 11.413
 35.765
 10.105
 32.570
 56.671
 10.271
 21.690
 11.155
  3.485
 24.698
  1.292
 31.207
 45.008
  3.752
 50.343
  1.311
 14.742
  9.053
  0.942
 12.303
  3.691
 16.650
  0.631
  3.780
