  5.525
 13.754
 15.953
 24.008
 21.019
 21.125
 19.254
 17.982
 17.607
 17.687
 17.052
 15.650
 15.731
 14.736
 14.061
 13.284
 12.549
 12.214
 11.650
 12.512
 12.971
 13.084
 12.778
 12.468
 12.364
 11.977
 11.835
 12.580
 15.407
 15.685
 16.616
 16.919
 17.584
 17.285
 17.213
 17.777
 17.572
 17.131
 16.828
 17.247
 16.864
 16.576
 16.417
 16.427
 16.292
 16.514
 16.560
 16.459
 16.325
 16.334
 16.299
 16.360
 16.094
 16.015
 16.226
 16.862
 16.786
 17.375
 17.158
 16.876
 17.021
 17.014
 16.821
 16.878
 16.882
 17.257
 17.000
 16.922
 17.011
 16.921
 17.225
 17.049
 17.516
 17.863
 17.666
 17.568
 17.616
 17.826
 17.651
 17.828
 17.670
 17.590
 18.006
 17.800
 17.823
 18.064
 17.953
 17.799
 18.043
 17.873
 18.115
 17.947
 17.787
 17.685
 17.714
 17.547
 17.398
 17.272
 17.250
 17.483
 17.351
 17.284
 17.455
 17.488
 17.348
 17.663
 17.583
 17.597
 17.627
 17.594
 17.564
 17.450
 17.351
 17.736
 17.811
 17.735
 17.644
 17.752
 17.725
 17.688
 17.642
 17.683
 17.603
 17.492
 17.395
 17.380
 17.267
 17.593
 17.471
 17.479
 17.355
 17.278
 17.170
 17.144
 17.529
 18.045
 18.107
 18.003
 18.270
 18.262
 18.146
 18.037
 18.088
 18.071
 17.965
 17.854
 17.990
 17.894
 17.928
 17.810
 17.860
 17.761
 17.719
 17.907
 17.902
 17.812
 17.725
 17.692
 17.611
 17.725
 17.835
 17.960
 17.955
 17.967
 17.991
 17.901
 17.853
 17.793
 17.792
 17.734
 17.732
 17.701
 17.670
 17.575
 17.757
 17.797
 17.796
 17.783
 17.693
 17.621
 17.562
 17.567
 17.601
 17.601
 17.516
 17.469
 17.401
 17.413
 17.350
 17.616
 17.545
 17.467
 17.400
 17.381
 17.422
 17.338
 17.310
 17.368
 17.304
 17.302
 17.228
 17.154
 17.075
 17.498
 17.418
 17.505
 17.450
 17.422
 17.404
 17.371
 17.316
 17.286
 17.303
 17.300
 17.348
 17.482
 17.418
 17.378
 17.328
 17.492
 17.447
 17.541
 17.478
 17.445
 17.495
 17.553
 17.548
 17.490
 17.424
 17.483
 17.410
 17.356
 17.347
 17.277
 17.267
 17.266
 17.330
 17.312
 17.250
 17.285
 17.254
 17.419
 17.362
 17.365
 17.315
 17.260
 17.218
 17.203
 17.183
 17.163
 17.121
 17.114
 17.080
 17.070
 17.024
 17.006
 16.957
 16.989
 16.943
 16.953
 16.966
 16.994
 16.948
 17.021
 16.959
 16.956
 16.906
 16.908
 16.858
 16.797
 16.757
 16.789
 16.751
 16.765
 16.784
 16.801
 16.886
 16.891
 16.885
 16.860
 16.812
 16.858
 16.818
 16.827
 16.864
 16.923
 17.020
 16.966
 16.920
 16.949
 16.947
 16.980
 16.950
 16.900
 16.899
 16.923
 16.870
 16.844
 17.011
 17.041
 17.089
 17.083
 17.083
 17.066
 17.038
 17.193
 17.164
 17.248
 17.341
 17.320
 17.276
 17.281
 17.244
 17.246
 17.264
 17.254
 17.212
 17.233
 17.181
 17.297
 17.268
 17.259
 17.227
 17.182
 17.178
 17.210
 17.293
 17.276
 17.292
 17.256
 17.207
 17.161
 17.165
 17.268
 17.338
 17.288
 17.280
 17.240
 17.205
 17.179
 17.232
 17.226
 17.219
 17.204
 17.216
 17.195
 17.192
 17.160
 17.248
 17.260
 17.484
 17.465
 17.444
 17.414
 17.426
 17.379
 17.347
 17.447
 17.404
 17.390
 17.396
 17.379
 17.375
 17.331
 17.364
 17.319
 17.360
 17.341
 17.367
 17.335
 17.297
 17.419
 17.401
 17.405
 17.392
 17.375
 17.408
 17.469
 17.459
 17.500
 17.513
 17.515
 17.495
 17.584
 17.556
 17.533
 17.510
 17.475
 17.457
 17.443
 17.437
 17.491
 17.543
 17.605
 17.593
 17.574
 17.616
 17.588
 17.549
 17.510
 17.470
 17.461
 17.420
 17.437
 17.426
 17.397
 17.415
 17.390
 17.357
 17.375
 17.427
 17.485
 17.448
 17.407
 17.382
 17.376
 17.349
 17.404
 17.459
 17.424
 17.421
 17.468
 17.475
 17.443
 17.406
 17.440
 17.506
 17.619
 17.611
 17.693
 17.657
 17.628
 17.698
 17.671
 17.654
 17.645
 17.611
 17.625
 17.590
 17.556
 17.521
 17.491
 17.498
 17.515
 17.501
 17.527
 17.495
 17.486
 17.465
 17.458
 17.428
 17.406
 17.413
 17.379
 17.427
 17.397
 17.417
 17.449
 17.445
 17.407
 17.399
 17.391
 17.367
 17.365
 17.346
 17.358
 17.394
 17.410
 17.388
 17.415
 17.413
 17.388
 17.353
 17.412
 17.505
 17.474
 17.512
 17.496
 17.476
 17.465
 17.503
 17.470
 17.469
 17.471
 17.442
 17.407
 17.416
 17.422
 17.398
 17.399
 17.379
 17.345
 17.438
 17.430
 17.415
 17.402
 17.387
 17.441
 17.470
 17.481
 17.470
 17.436
 17.404
 17.501
 17.552
 17.546
 17.525
 17.505
 17.471
 17.440
 17.433
 17.438
 17.404
 17.375
 17.361
 17.360
 17.350
 17.329
 17.309
 17.282
 17.262
 17.235
 17.256
 17.227
 17.293
 17.271
 17.285
 17.291
 17.270
 17.243
 17.230
 17.208
 17.263
 17.232
 17.242
 17.242
 17.251
 17.224
 17.201
 17.212
 17.222
 17.224
 17.205
 17.193
 17.169
 17.159
 17.299
 17.322
 17.300
 17.280
 17.311
 17.290
 17.352
 17.336
 17.365
 17.350
 17.356
 17.353
 17.327
 17.310
 17.287
 17.287
 17.292
 17.300
 17.296
 17.354
 17.358
 17.391
 17.377
 17.349
 17.341
 17.319
 17.293
 17.266
 17.245
 17.217
 17.211
 17.201
 17.285
 17.275
 17.257
 17.279
 17.256
 17.236
 17.217
 17.266
 17.250
 17.260
 17.239
 17.232
 17.237
 17.247
 17.325
 17.318
 17.312
 17.327
 17.308
 17.298
 17.269
 17.321
 17.347
 17.323
 17.322
 17.297
 17.282
 17.260
 17.242
 17.220
 17.223
 17.220
 17.202
 17.175
 17.169
 17.150
 17.148
 17.128
 17.165
 17.180
 17.205
 17.179
 17.153
 17.154
 17.145
 17.128
 17.100
 17.085
 17.076
 17.064
 17.065
 17.042
 17.059
 17.068
 17.118
 17.093
 17.102
 17.076
 17.054
 17.058
 17.040
 17.022
 17.007
 17.007
 16.982
 16.972
 16.996
 16.978
 16.991
 17.017
 17.004
 17.008
 17.001
 17.006
 16.999
 16.996
 16.979
 16.966
 16.967
 16.963
 16.946
 16.990
 16.990
 16.972
 16.954
 16.945
 16.939
 16.933
 16.916
 16.891
 16.916
 16.945
 16.972
 17.013
 17.008
 17.031
 17.008
 16.985
 16.979
 16.977
 16.983
 16.999
 16.975
 16.957
 16.990
 16.966
 16.942
 16.935
 16.931
 16.909
 16.885
 16.896
 16.879
 16.858
 16.838
 16.831
 16.856
 16.848
 16.827
 16.853
 16.849
 16.876
 16.904
 16.882
 16.902
 16.884
 16.892
 16.903
 16.896
 16.899
 16.875
 16.867
 16.931
 16.933
 16.938
 16.925
 16.907
 16.914
 16.926
 16.921
 16.902
 16.887
 16.904
 16.882
 16.876
 16.854
 16.899
 16.918
 16.929
 16.920
 16.903
 16.914
 16.982
 16.965
 17.005
 16.997
 16.982
 17.007
 16.995
 17.001
 16.979
 16.976
 16.971
 16.952
 16.944
 16.923
 16.904
 16.900
 16.903
 16.885
 16.875
 16.869
 16.856
 16.836
 16.840
 16.894
 16.873
 16.871
 16.909
 16.925
 16.912
 16.933
 16.913
 16.922
 16.901
 16.887
 16.865
 16.851
 16.871
 16.863
 16.848
 16.860
 16.876
 16.875
 16.904
 16.902
 16.891
 16.920
 16.917
 16.910
 16.935
 16.944
 16.924
 17.021
 17.003
 16.982
 16.987
 16.984
 17.033
 17.012
 17.034
 17.079
 17.066
 17.057
 17.042
 17.028
 17.034
 17.022
 17.018
 17.004
 16.997
 16.978
 16.972
 16.956
 16.949
 16.938
 16.943
 17.021
 17.006
 17.087
 17.083
 17.066
 17.051
 17.033
 17.056
 17.043
 17.045
 17.046
 17.046
 17.030
 17.027
 17.013
 17.000
 16.983
 16.975
 16.956
 16.972
 16.978
 16.964
 16.960
 16.961
 16.948
 16.934
 16.924
 16.910
 16.901
 16.917
 16.922
 17.036
 17.139
 17.128
 17.136
 17.232
 17.231
 17.261
 17.258
 17.342
 17.338
 17.353
 17.335
 17.321
 17.308
 17.302
 17.284
 17.290
 17.285
 17.338
 17.349
 17.362
 17.366
 17.348
 17.332
 17.313
 17.306
 17.288
 17.306
 17.290
 17.289
 17.273
 17.253
 17.271
 17.264
 17.271
 17.260
 17.242
 17.222
 17.206
 17.225
 17.206
 17.223
 17.208
 17.189
 17.172
 17.156
 17.137
 17.123
 17.104
 17.102
 17.097
 17.096
 17.088
 17.076
 17.074
 17.067
 17.055
 17.079
 17.083
 17.103
 17.122
 17.109
 17.095
 17.093
 17.123
 17.104
 17.123
 17.106
 17.098
 17.087
 17.079
 17.073
 17.067
 17.050
 17.048
 17.031
 17.013
 17.021
 17.026
 17.029
 17.045
 17.027
 17.024
 17.009
 17.012
 16.997
 17.007
 17.043
 17.064
 17.057
 17.048
 17.072
 17.078
 17.079
 17.064
 17.051
 17.033
 17.034
 17.022
 17.027
 17.040
 17.023
 17.009
 17.010
 17.013
 17.012
 17.000
 17.006
 16.993
 16.978
 17.003
 16.991
 16.981
 16.971
 16.963
 17.008
 16.992
 17.012
 17.070
 17.094
 17.095
 17.093
 17.095
 17.096
 17.107
 17.105
 17.101
 17.108
 17.101
 17.094
 17.080
 17.085
 17.098
 17.083
 17.093
 17.094
 17.112
 17.106
 17.101
 17.105
 17.099
 17.118
 17.111
 17.127
 17.167
 17.160
 17.165
 17.159
 17.145
 17.152
 17.136
 17.151
 17.179
 17.165
 17.199
 17.183
 17.180
 17.172
 17.156
 17.151
 17.137
 17.137
 17.120
 17.107
