  0.000
  8.229
  7.403
 15.356
 14.980
 13.676
 13.465
 13.038
 12.338
 11.707
 11.341
 11.812
 11.352
 11.512
 11.405
 11.446
 11.486
 11.248
 11.207
 11.551
 11.458
 11.207
 11.054
 10.923
 10.715
 10.683
 10.509
 11.020
 18.468
 18.219
 18.634
 18.418
 18.523
 18.329
 18.071
 18.128
 17.924
 17.888
 17.756
 17.727
 17.675
 17.561
 17.386
 17.188
 17.019
 16.899
 16.721
 16.560
 16.417
 16.252
 16.094
 15.944
 15.909
 15.772
 15.704
 16.263
 16.129
 16.595
 16.536
 16.541
 16.444
 16.311
 16.252
 16.131
 16.006
 16.170
 16.184
 16.077
 15.977
 15.880
 15.972
 15.929
 16.309
 16.467
 16.445
 16.358
 16.257
 16.258
 16.229
 16.204
 16.166
 16.083
 16.424
 16.434
 16.338
 16.394
 16.332
 16.302
 16.370
 16.357
 16.427
 16.416
 16.400
 16.342
 16.258
 16.255
 16.237
 16.201
 16.121
 16.205
 16.179
 16.113
 16.127
 16.053
 16.040
 16.287
 16.232
 16.157
 16.086
 16.016
 15.947
 15.921
 15.885
 16.336
 16.284
 16.235
 16.194
 16.167
 16.102
 16.040
 15.981
 15.922
 15.882
 15.866
 15.839
 15.777
 15.766
 16.129
 16.126
 16.064
 16.065
 16.029
 16.017
 15.960
 16.512
 17.510
 17.461
 17.440
 17.659
 17.596
 17.587
 17.573
 17.522
 17.462
 17.449
 17.440
 17.457
 17.437
 17.383
 17.386
 17.339
 17.325
 17.276
 17.376
 17.320
 17.301
 17.280
 17.230
 17.206
 17.212
 17.215
 17.234
 17.181
 17.130
 17.080
 17.068
 17.028
 16.995
 16.944
 16.911
 16.862
 16.818
 16.774
 16.772
 16.894
 16.855
 16.807
 16.761
 16.756
 16.737
 16.710
 16.664
 16.625
 16.580
 16.575
 16.543
 16.524
 16.481
 16.460
 16.820
 16.804
 16.795
 16.777
 16.736
 16.703
 16.702
 16.664
 16.641
 16.623
 16.582
 16.573
 16.565
 16.562
 17.585
 17.579
 17.580
 17.555
 17.518
 17.478
 17.442
 17.419
 17.383
 17.344
 17.304
 17.278
 17.349
 17.335
 17.305
 17.282
 17.414
 17.387
 17.404
 17.389
 17.358
 17.335
 17.318
 17.280
 17.264
 17.255
 17.241
 17.240
 17.222
 17.186
 17.182
 17.146
 17.110
 17.102
 17.068
 17.059
 17.032
 17.003
 17.160
 17.147
 17.112
 17.095
 17.082
 17.060
 17.027
 16.996
 16.965
 16.944
 16.911
 16.886
 16.853
 16.836
 16.805
 16.792
 16.767
 16.751
 16.720
 16.689
 16.663
 16.648
 16.659
 16.657
 16.626
 16.616
 16.585
 16.574
 16.574
 16.556
 16.535
 16.516
 16.488
 16.461
 16.433
 16.464
 16.435
 16.405
 16.382
 16.372
 16.361
 16.346
 16.318
 16.302
 16.303
 16.358
 16.356
 16.346
 16.326
 16.298
 16.280
 16.260
 16.255
 16.227
 16.205
 16.203
 16.182
 16.409
 16.391
 16.385
 16.358
 16.331
 16.307
 16.287
 16.482
 16.463
 16.501
 16.555
 16.533
 16.524
 16.498
 16.485
 16.459
 16.436
 16.411
 16.401
 16.380
 16.381
 16.485
 16.468
 16.443
 16.428
 16.422
 16.397
 16.382
 16.425
 16.403
 16.380
 16.368
 16.367
 16.365
 16.341
 16.422
 16.448
 16.450
 16.426
 16.419
 16.407
 16.390
 16.395
 16.371
 16.348
 16.326
 16.304
 16.285
 16.262
 16.249
 16.309
 16.287
 16.798
 16.778
 16.759
 16.745
 16.723
 16.722
 16.710
 16.794
 16.790
 16.769
 16.746
 16.726
 16.703
 16.701
 16.690
 16.689
 16.684
 16.665
 16.650
 16.638
 16.632
 16.775
 16.757
 16.734
 16.714
 16.695
 16.685
 16.704
 16.683
 16.681
 16.661
 16.639
 16.622
 16.691
 16.678
 16.662
 16.647
 16.640
 16.623
 16.603
 16.583
 16.596
 16.606
 16.632
 16.613
 16.596
 16.596
 16.585
 16.582
 16.580
 16.578
 16.559
 16.559
 16.542
 16.523
 16.513
 16.496
 16.483
 16.477
 16.461
 16.474
 16.496
 16.493
 16.494
 16.482
 16.463
 16.452
 16.469
 16.489
 16.485
 16.466
 16.475
 16.456
 16.451
 16.448
 16.443
 16.482
 16.628
 16.609
 16.679
 16.676
 16.668
 16.712
 16.702
 16.687
 16.669
 16.665
 16.649
 16.646
 16.642
 16.640
 16.633
 16.615
 16.600
 16.584
 16.575
 16.571
 16.553
 16.541
 16.523
 16.517
 16.505
 16.488
 16.486
 16.500
 16.494
 16.482
 16.478
 16.460
 16.462
 16.445
 16.428
 16.419
 16.401
 16.388
 16.373
 16.374
 16.360
 16.350
 16.342
 16.325
 16.317
 16.317
 16.351
 16.458
 16.455
 16.459
 16.446
 16.435
 16.419
 16.423
 16.422
 16.405
 16.388
 16.383
 16.385
 16.369
 16.353
 16.345
 16.328
 16.318
 16.318
 16.429
 16.414
 16.400
 16.386
 16.373
 16.402
 16.399
 16.384
 16.369
 16.371
 16.371
 16.501
 16.523
 16.508
 16.498
 16.488
 16.489
 16.488
 16.472
 16.456
 16.458
 16.455
 16.442
 16.426
 16.412
 16.404
 16.394
 16.390
 16.381
 16.377
 16.368
 16.366
 16.419
 16.411
 16.398
 16.383
 16.375
 16.371
 16.359
 16.351
 16.385
 16.386
 16.373
 16.357
 16.343
 16.341
 16.334
 16.321
 16.307
 16.292
 16.283
 16.270
 16.265
 16.252
 16.565
 16.558
 16.551
 16.543
 16.544
 16.537
 16.585
 16.574
 16.573
 16.561
 16.547
 16.533
 16.529
 16.519
 16.513
 16.498
 16.484
 16.471
 16.457
 16.499
 16.485
 16.489
 16.479
 16.477
 16.464
 16.458
 16.455
 16.454
 16.448
 16.446
 16.433
 16.421
 16.532
 16.520
 16.512
 16.506
 16.502
 16.494
 16.486
 16.514
 16.504
 16.492
 16.486
 16.473
 16.460
 16.448
 16.543
 16.530
 16.517
 16.507
 16.500
 16.488
 16.489
 16.523
 16.523
 16.520
 16.506
 16.505
 16.495
 16.490
 16.482
 16.478
 16.464
 16.451
 16.444
 16.444
 16.431
 16.424
 16.411
 16.406
 16.418
 16.409
 16.407
 16.406
 16.406
 16.393
 16.382
 16.374
 16.375
 16.367
 16.355
 16.345
 16.332
 16.330
 16.322
 16.311
 16.347
 16.347
 16.336
 16.336
 16.333
 16.320
 16.314
 16.307
 16.299
 16.287
 16.286
 16.276
 16.274
 16.268
 16.259
 16.260
 16.250
 16.238
 16.226
 16.214
 16.203
 16.191
 16.184
 16.175
 16.163
 16.151
 16.144
 16.171
 16.159
 16.154
 16.148
 16.138
 16.126
 16.115
 16.109
 16.109
 16.109
 16.115
 16.118
 16.141
 16.130
 16.129
 16.129
 16.128
 16.117
 16.105
 16.094
 16.087
 16.087
 16.083
 16.095
 16.096
 16.097
 16.086
 16.074
 16.072
 16.073
 16.065
 16.059
 16.057
 16.054
 16.044
 16.046
 16.036
 16.033
 16.036
 16.024
 16.029
 16.034
 16.034
 16.032
 16.028
 16.018
 16.009
 15.999
 15.987
 15.988
 15.979
 16.059
 16.048
 16.037
 16.030
 16.025
 16.015
 16.007
 15.996
 15.993
 15.987
 15.982
 15.982
 15.971
 15.971
 16.005
 16.002
 15.994
 15.985
 15.980
 15.971
 16.067
 16.062
 16.088
 16.079
 16.073
 16.076
 16.069
 16.059
 16.059
 16.048
 16.038
 16.036
 16.026
 16.025
 16.023
 16.013
 16.002
 15.999
 15.991
 15.981
 15.974
 15.973
 15.963
 16.020
 16.019
 16.009
 16.032
 16.028
 16.021
 16.021
 16.020
 16.011
 16.011
 16.006
 16.007
 16.001
 16.000
 15.991
 15.986
 15.979
 15.975
 15.965
 15.975
 15.964
 15.957
 15.967
 15.957
 15.948
 15.953
 15.944
 15.944
 16.159
 16.156
 16.156
 16.147
 16.136
 16.183
 16.183
 16.185
 16.223
 16.216
 16.208
 16.203
 16.198
 16.189
 16.182
 16.173
 16.167
 16.158
 16.157
 16.148
 16.144
 16.135
 16.128
 16.119
 16.261
 16.257
 16.409
 16.400
 16.397
 16.392
 16.391
 16.395
 16.389
 16.379
 16.369
 16.359
 16.356
 16.346
 16.341
 16.335
 16.332
 16.324
 16.324
 16.320
 16.311
 16.306
 16.297
 16.287
 16.281
 16.276
 16.269
 16.264
 16.257
 16.253
 16.244
 16.562
 16.822
 16.815
 16.807
 17.028
 17.018
 17.030
 17.020
 17.185
 17.175
 17.171
 17.169
 17.164
 17.158
 17.148
 17.147
 17.138
 17.129
 17.188
 17.181
 17.175
 17.166
 17.164
 17.160
 17.159
 17.150
 17.149
 17.147
 17.144
 17.134
 17.131
 17.131
 17.129
 17.120
 17.111
 17.105
 17.104
 17.103
 17.100
 17.099
 17.098
 17.095
 17.091
 17.091
 17.088
 17.086
 17.085
 17.080
 17.080
 17.070
 17.061
 17.052
 17.044
 17.038
 17.029
 17.020
 17.015
 17.020
 17.011
 17.012
 17.012
 17.007
 17.003
 16.993
 17.007
 17.007
 17.006
 17.004
 16.996
 16.990
 16.982
 16.974
 16.966
 16.963
 16.954
 16.953
 16.953
 16.945
 16.937
 16.928
 16.926
 16.926
 16.917
 16.914
 16.906
 16.903
 16.896
 16.923
 16.925
 16.917
 16.910
 16.916
 16.908
 16.899
 16.896
 16.892
 16.892
 16.883
 16.878
 16.870
 16.865
 16.864
 16.861
 16.852
 16.843
 16.834
 16.829
 16.822
 16.818
 16.815
 16.825
 16.820
 16.814
 16.808
 16.801
 16.851
 16.849
 16.852
 16.936
 16.943
 16.935
 16.926
 16.917
 16.908
 16.903
 16.894
 16.886
 16.879
 16.871
 16.864
 16.861
 16.853
 16.849
 16.847
 16.842
 16.833
 16.833
 16.826
 16.818
 16.810
 16.802
 16.804
 16.797
 16.795
 16.834
 16.827
 16.819
 16.812
 16.809
 16.802
 16.801
 16.799
 16.813
 16.810
 16.835
 16.834
 16.826
 16.819
 16.819
 16.811
 16.808
 16.799
 16.799
 16.796
