642
418
766
346
497
277
493
542
557
335
920
894
707
58
756
180
866
91
662
748
113
606
88
460
881
404
363
989
426
713
2
739
212
14
262
838
644
9
914
952
804
680
358
246
981
572
880
875
38
712
885
320
288
811
343
72
461
13
753
467
648
927
90
735
22
625
612
168
498
137
992
18
512
229
659
978
437
764
425
524
249
353
547
657
845
573
825
684
783
690
162
649
693
464
481
189
239
449
747
694
859
156
411
995
42
136
112
702
380
543
165
501
89
708
725
67
990
761
347
960
984
274
153
939
852
938
376
742
901
323
360
220
247
908
592
999
233
535
773
442
899
333
206
392
459
678
251
601
588
537
923
205
729
651
256
254
534
633
837
208
361
613
336
957
575
308
686
571
780
829
143
822
202
886
285
452
850
688
224
499
367
85
696
654
462
953
366
466
762
129
896
123
887
325
973
214
632
257
146
338
61
55
144
597
75
564
589
832
36
39
444
921
502
704
529
947
532
440
525
506
213
149
181
561
374
234
84
196
369
566
312
754
518
269
309
872
10
375
95
365
964
32
311
54
671
284
785
760
21
759
916
402
414
199
169
858
775
570
786
871
382
377
405
971
253
82
930
415
802
619
656
150
848
629
744
770
4
152
623
155
393
511
344
514
631
417
797
752
924
458
683
266
299
593
857
197
469
104
305
972
192
388
331
855
86
969
368
590
151
475
172
749
119
184
784
863
421
200
958
846
345
373
815
286
847
223
835
778
771
745
955
398
445
19
906
626
166
774
8
268
1
669
342
118
580
472
438
856
413
403
851
556
664
976
227
141
232
910
351
604
895
209
697
544
488
93
630
422
317
163
34
509
92
979
974
660
787
70
539
164
479
876
628
540
711
596
988
190
292
608
565
794
60
272
536
280
581
517
455
157
319
991
726
516
925
584
94
853
900
230
710
59
20
917
447
607
841
555
191
627
297
879
948
883
293
809
486
100
738
399
554
706
433
465
492
240
720
946
703
46
813
578
102
33
674
69
949
52
50
618
548
477
133
283
53
552
264
349
533
446
400
821
741
665
476
985
935
236
306
685
647
743
371
217
705
160
579
258
793
500
889
114
909
637
51
259
869
602
926
905
352
772
526
789
594
167
226
751
47
677
818
116
746
779
289
130
410
504
103
484
128
620
109
962
483
106
666
204
495
131
965
796
211
273
154
238
890
427
145
139
595
646
643
489
634
574
968
43
956
231
520
177
25
443
416
603
148
487
6
616
986
108
291
865
658
252
31
71
463
719
795
63
769
932
523
324
828
147
997
134
599
281
655
823
355
585
186
330
432
668
755
941
37
768
849
356
521
117
182
303
235
893
474
709
278
919
340
528
175
757
676
429
329
861
362
203
583
959
975
781
56
942
819
902
11
379
817
682
326
549
127
791
505
436
966
854
722
814
381
943
409
316
322
35
337
49
121
993
383
30
12
