2828	
1840	
2157	
773	
2962	
3321	
1540	
2864	
1657	
1633	
3869	
2223	
3966	
1216	
2231	
1569	
3029	
269	
3906	
425	
860	
3188	
3425	
3941	
2507	
3483	
290	
1331	
1559	
1528	
545	
3234	
1943	
1955	
951	
797	
2572	
652	
3338	
3800	
3402	
2146	
2041	
2192	
1153	
2221	
3989	
958	
941	
3875	
2575	
728	
2424	
1096	
2382	
510	
1449	
3074	
333	
3001	
2794	
2746	
3104	
1789	
2137	
3704	
503	
458	
392	
97	
542	
3260	
1578	
3467	
3759	
1604	
3603	
188	
3013	
1957	
820	
132	
3334	
1220	
26	
2	
543	
3388	
937	
180	
2172	
189	
1194	
1523	
3618	
1320	
2950	
678	
74	
3758	
1655	
1627	
835	
3347	
2018	
1196	
1243	
1032	
2822	
41	
2430	
2519	
2697	
3426	
617	
1687	
2121	
2632	
3631	
1830	
2504	
3570	
3655	
2787	
514	
1179	
1646	
2389	
922	
1029	
3306	
2992	
2706	
889	
94	
3089	
2414	
3475	
420	
1677	
1590	
3137	
3687	
3735	
2002	
1173	
2791	
2494	
2837	
31	
2396	
1739	
1046	
1565	
3686	
3770	
3767	
629	
1235	
3649	
3779	
3671	
1982	
1922	
1750	
550	
1958	
2046	
798	
1381	
1497	
909	
299	
598	
464	
1653	
3543	
2856	
2104	
317	
2386	
2175	
3117	
575	
2463	
1193	
19	
1589	
372	
213	
2128	
1474	
3489	
2779	
1883	
2911	
1985	
3805	
1946	
2212	
3918	
228	
2485	
33	
2080	
2471	
1006	
2703	
2065	
1759	
3330	
34	
2983	
2949	
1555	
2026	
2470	
796	
454	
2802	
1406	
3744	
2292	
964	
310	
562	
2189	
1278	
2484	
1384	
3073	
2525	
3943	
159	
3893	
3381	
3346	
2705	
2087	
1994	
358	
2971	
3817	
2217	
1097	
316	
1390	
315	
237	
3594	
1847	
2558	
918	
3880	
410	
769	
3762	
1462	
2711	
1634	
1663	
3103	
1069	
2863	
3200	
348	
114	
3270	
3162	
669	
3725	
274	
554	
2599	
1453	
306	
234	
591	
2771	
2091	
196	
532	
1337	
127	
2647	
2850	
897	
162	
2360	
3436	
1801	
2009	
1247	
424	
2602	
1116	
3316	
3271	
1430	
1223	
697	
3094	
177	
2457	
1169	
3267	
893	
1526	
3586	
3995	
2750	
2309	
2609	
3392	
390	
746	
3223	
3617	
3018	
119	
3946	
3824	
3441	
3542	
2854	
1369	
984	
3587	
2836	
2098	
2548	
3912	
1383	
1952	
1659	
2540	
3642	
3438	
2030	
915	
3086	
2004	
67	
3985	
2849	
1545	
364	
2440	
2184	
1596	
825	
1887	
440	
357	
1828	
1950	
1326	
2244	
342	
552	
3802	
148	
2585	
3772	
865	
1161	
3314	
3329	
3002	
1422	
1467	
223	
2140	
646	
220	
1301	
2508	
1167	
1805	
106	
1866	
3628	
910	
583	
1628	
238	
2861	
3573	
3463	
1630	
3874	
729	
2488	
2093	
1099	
640	
1843	
921	
2040	
3645	
741	
2136	
2684	
1321	
771	
2407	
2027	
1017	
2460	
474	
1471	
1924	
613	
3067	
1128	
3823	
2748	
2028	
1585	
491	
3731	
2733	
311	
3721	
2056	
961	
1166	
1232	
8	
2761	
1685	
661	
3172	
642	
1285	
856	
63	
214	
163	
3525	
792	
3369	
1583	
151	
3595	
1396	
2083	
407	
1495	
2276	
2588	
1039	
318	
1533	
1715	
470	
2426	
3775	
2447	
115	
1212	
2766	
2932	
3990	
1442	
3867	
2533	
3042	
2017	
2542	
1901	
2774	
1452	
236	
2581	
670	
2596	
928	
2247	
1935	
2376	
2183	
3845	
1610	
47	
1114	
637	
369	
3400	
962	
3709	
2826	
2813	
3268	
1603	
2831	
3496	
289	
2974	
3177	
3276	
3914	
3657	
2316	
2680	
3076	
965	
2896	
2204	
2662	
2333	
1500	
625	
1083	
871	
1959	
3974	
2100	
2401	
3015	
675	
1981	
3658	
2737	
44	
948	
3058	
3971	
3170	
480	
1548	
2273	
2147	
2088	
3395	
62	
1670	
442	
600	
2796	
3818	
2187	
323	
3529	
2549	
3984	
1435	
1203	
512	
3187	
2113	
953	
3831	
3264	
1557	
426	
478	
1394	
1667	
540	
3557	
3077	
3308	
747	
224	
3550	
680	
3722	
2059	
2788	
1186	
1137	
3781	
282	
3930	
1224	
3981	
1375	
3652	
759	
517	
2416	
3520	
490	
2354	
1707	
814	
3934	
2214	
1836	
1979	
1809	
1037	
1794	
2377	
2210	
1189	
511	
533	
1033	
650	
2880	
3134	
1270	
2165	
1485	
3473	
3409	
3356	
3953	
319	
2842	
684	
1411	
1496	
2923	
3927	
2851	
1149	
340	
2327	
2252	
2443	
3605	
96	
2143	
1562	
701	
1770	
1892	
2405	
3375	
817	
1618	
691	
133	
3418	
2741	
2953	
975	
2731	
1778	
1973	
3129	
3191	
446	
3491	
2559	
309	
1709	
1074	
2876	
3096	
3102	
1729	
1820	
3038	
2071	
273	
2720	
3009	
3917	
3355	
1576	
1439	
1595	
1886	
762	
385	
86	
2297	
3390	
3530	
2753	
3300	
394	
1021	
2982	
3066	
75	
2409	
87	
1086	
102	
977	
3373	
2839	
1792	
208	
16	
1816	
2446	
1486	
66	
379	
1817	
3032	
3167	
2635	
3551	
84	
3713	
1361	
42	
3451	
2740	
2474	
1121	
1592	
1038	
956	
2209	
2523	
3362	
2650	
739	
167	
322	
1989	
2660	
628	
502	
1302	
2530	
165	
3885	
1135	
3926	
936	
2841	
2469	
2621	
3892	
1643	
1708	
3127	
2490	
2591	
2228	
2653	
997	
1014	
1310	
1860	
3325	
3846	
2773	
1372	
1339	
3862	
123	
3812	
245	
2672	
2762	
3041	
1352	
142	
1051	
469	
3667	
530	
2768	
288	
2926	
1884	
3720	
2373	
198	
3159	
3886	
2404	
557	
2481	
483	
3180	
2370	
2082	
2352	
1492	
2158	
2074	
2616	
3142	
3337	
2997	
1060	
59	
2350	
1478	
2196	
2468	
1350	
2052	
2675	
178	
2916	
2428	
1640	
2701	
3878	
3768	
1427	
791	
3034	
990	
1258	
1225	
3031	
3420	
2517	
3626	
256	
3694	
401	
1123	
2363	
1353	
1308	
2315	
1824	
1772	
1023	
3157	
1547	
229	
2623	
1405	
3060	
3820	
2248	
573	
1593	
2107	
1413	
3889	
3641	
2501	
702	
1287	
3635	
2434	
1025	
2060	
3839	
699	
3237	
776	
955	
3377	
521	
3128	
1154	
1938	
125	
528	
1366	
1414	
524	
3492	
2958	
71	
2185	
770	
138	
1451	
3247	
2238	
2077	
276	
3777	
3495	
2347	
1819	
2332	
1966	
3008	
2111	
2044	
1253	
3922	
3272	
2955	
185	
2917	
1949	
328	
2130	
765	
489	
3528	
1538	
3501	
2236	
1995	
3179	
614	
2114	
91	
2340	
1234	
2249	
3507	
3462	
3004	
46	
2330	
3678	
3565	
2067	
3114	
55	
1118	
1433	
3302	
1488	
11	
2967	
2920	
1416	
2311	
3508	
1849	
1346	
2151	
2577	
2472	
1229	
885	
3007	
2306	
1329	
1764	
3431	
3135	
2101	
2554	
3010	
450	
3006	
2383	
1588	
1126	
98	
877	
3506	
1080	
3090	
2295	
1712	
539	
3825	
3733	
2695	
1846	
1534	
2410	
2805	
1566	
2743	
2800	
2693	
3651	
18	
411	
3229	
304	
2562	
455	
3080	
3935	
1265	
3043	
403	
3450	
716	
2371	
643	
3979	
2174	
141	
847	
3905	
1261	
3040	
2601	
2066	
2053	
3158	
3382	
2265	
1602	
2824	
346	
429	
3690	
659	
1638	
3710	
761	
3784	
3532	
88	
1549	
912	
1782	
1249	
2417	
2307	
1100	
1609	
2449	
3911	
3638	
2288	
859	
1063	
3769	
3909	
2910	
3695	
2042	
1839	
827	
2262	
742	
3764	
3124	
1081	
3363	
2674	
3673	
4	
3014	
1466	
3284	
3439	
3226	
3536	
3364	
1554	
1222	
733	
3693	
3026	
2270	
428	
2789	
2198	
2827	
1780	
3505	
2181	
461	
3452	
1368	
2875	
1003	
265	
2120	
2013	
1221	
1570	
2208	
3372	
822	
371	
3273	
687	
3331	
3977	
2799	
3811	
2023	
272	
3141	
1300	
3581	
1869	
2029	
2213	
1766	
2687	
3545	
3609	
1581	
3699	
957	
1241	
1580	
284	
3315	
2232	
2105	
523	
2846	
555	
2085	
658	
3643	
2057	
801	
3987	
1031	
2492	
3123	
2099	
1777	
3980	
2976	
718	
2144	
3961	
1342	
3835	
1034	
130	
3078	
2251	
498	
2305	
940	
216	
432	
481	
70	
1913	
3575	
3154	
3544	
2357	
3106	
943	
1535	
1518	
654	
110	
3248	
3228	
1101	
3440	
884	
2734	
3233	
732	
2281	
1477	
2644	
1587	
389	
1956	
1264	
3850	
1774	
3376	
2902	
1779	
1328	
1098	
3039	
2821	
2689	
3430	
336	
1748	
3928	
2568	
2493	
1945	
1015	
2870	
1532	
2751	
3160	
2239	
2156	
527	
1698	
1049	
690	
3666	
327	
843	
3548	
1710	
703	
1501	
2977	
345	
2749	
370	
1066	
1897	
2543	
2291	
3540	
2169	
2626	
2205	
3206	
2883	
945	
3578	
3907	
3683	
3866	
3231	
2729	
457	
386	
3705	
1228	
2852	
1274	
61	
3304	
2364	
2375	
689	
644	
664	
707	
1567	
862	
1863	
1967	
925	
840	
3186	
3459	
1706	
439	
3872	
1327	
2526	
651	
1002	
3951	
2752	
3161	
3484	
2367	
3193	
1662	
3801	
2250	
3751	
3648	
3163	
1178	
3361	
2918	
50	
1054	
1090	
2171	
3856	
3083	
82	
3022	
2652	
3967	
507	
648	
3539	
3251	
2673	
350	
3468	
1867	
2366	
1177	
621	
2744	
2793	
146	
3982	
942	
685	
1351	
1242	
1344	
3320	
2655	
485	
3460	
395	
3342	
3919	
952	
2514	
1625	
3423	
415	
2891	
803	
2700	
2569	
1393	
1475	
248	
2014	
3553	
2445	
3785	
1379	
2909	
1876	
1990	
905	
1859	
3849	
246	
3025	
2996	
3045	
774	
3925	
2784	
2035	
3806	
2998	
3148	
1626	
2764	
2149	
1286	
2515	
3227	
3288	
3065	
3021	
802	
1934	
810	
1504	
2736	
2867	
2995	
2772	
785	
2882	
853	
1699	
3385	
3454	
725	
2642	
1744	
1531	
2857	
2560	
3348	
3684	
717	
3809	
143	
1880	
1885	
2339	
1110	
2651	
3241	
3184	
657	
1185	
3717	
3863	
2069	
1529	
768	
1282	
2368	
1164	
3397	
1906	
3195	
1914	
2622	
619	
931	
221	
2167	
2274	
1572	
911	
2606	
471	
1753	
1065	
3929	
1487	
1520	
1951	
233	
215	
3639	
3336	
2713	
794	
3619	
828	
2341	
672	
627	
2532	
1671	
2865	
2132	
1907	
2654	
904	
3339	
152	
1444	
571	
1190	
3490	
351	
2694	
1230	
1737	
2000	
633	
2505	
1201	
280	
1268	
1124	
1850	
1873	
2451	
841	
2420	
363	
2714	
3071	
2467	
3052	
3408	
1415	
3258	
2829	
3477	
2215	
1558	
3599	
391	
1606	
3391	
1931	
1267	
2116	
1798	
427	
2954	
263	
3871	
1175	
1176	
3413	
1878	
3371	
2966	
641	
1726	
3637	
1650	
1960	
3803	
3997	
1784	
1551	
1425	
1490	
1584	
722	
1385	
2990	
3894	
966	
124	
1271	
1926	
1848	
3546	
3807	
1207	
3120	
3616	
2993	
2150	
3948	
3589	
1445	
3366	
2166	
434	
2965	
2408	
2584	
1418	
296	
2117	
2336	
3151	
129	
264	
2500	
2300	
382	
1621	
606	
1382	
1818	
618	
2133	
3706	
1690	
65	
3471	
1619	
2845	
713	
590	
1964	
1987	
497	
51	
2388	
416	
2696	
2141	
2678	
1679	
3749	
3794	
1043	
3585	
174	
3590	
2898	
3502	
519	
3255	
1793	
1775	
2348	
1521	
2054	
1076	
846	
2256	
3947	
3299	
3763	
3243	
1803	
2475	
2735	
2975	
1645	
589	
1517	
3834	
3950	
1757	
1721	
3210	
1008	
630	
172	
3132	
1022	
603	
3615	
1472	
1044	
1115	
3567	
2432	
3093	
1665	
3737	
854	
343	
1408	
546	
2402	
3771	
3149	
1073	
1608	
3526	
1642	
3023	
295	
3808	
2763	
700	
3522	
3433	
1865	
2688	
1293	
866	
3297	
2237	
2724	
2524	
191	
1688	
1827	
2188	
735	
344	
1313	
3072	
1524	
2272	
3472	
451	
1443	
448	
714	
963	
3842	
750	
1942	
476	
1400	
1921	
270	
1795	
3903	
3421	
1355	
1188	
3711	
3150	
3854	
1160	
2617	
1525	
134	
2717	
3143	
3588	
2400	
3864	
3370	
3374	
3126	
1052	
1676	
3836	
3881	
300	
13	
3804	
2677	
3487	
3203	
2868	
3449	
3748	
1246	
3873	
1591	
3790	
329	
869	
2456	
2037	
1976	
433	
3429	
2739	
105	
837	
3810	
1972	
3607	
829	
3427	
1016	
155	
1996	
60	
2970	
3323	
982	
1035	
3412	
2045	
1299	
1936	
868	
3888	
1631	
3232	
2834	
772	
3782	
3464	
3310	
2097	
999	
169	
3447	
164	
3263	
2062	
1010	
1075	
3368	
1669	
3113	
2478	
3797	
2945	
855	
1961	
144	
3644	
3153	
3164	
1696	
3332	
3359	
2985	
117	
1312	
1763	
1262	
1132	
634	
1727	
2745	
2010	
1898	
1509	
706	
2160	
1668	
2283	
1245	
693	
2798	
3277	
2561	
175	
754	
2710	
1760	
3973	
3327	
1937	
3924	
2666	
2261	
252	
3133	
3778	
487	
1905	
2636	
1991	
787	
3955	
635	
2293	
2630	
2707	
2385	
1045	
2956	
2226	
195	
1019	
384	
998	
2102	
2964	
3378	
1918	
1970	
3198	
1758	
1672	
3225	
2190	
2564	
64	
3312	
3837	
1426	
3138	
3196	
495	
1283	
402	
3456	
2884	
2639	
1020	
3739	
3773	
1338	
3965	
1119	
607	
3895	
564	
1168	
3081	
3063	
2730	
3702	
1172	
2769	
436	
954	
332	
2810	
3600	
3343	
3216	
513	
2126	
907	
1202	
339	
504	
1968	
2162	
1055	
1969	
736	
2633	
3795	
2134	
3280	
1354	
1428	
15	
1210	
1980	
3921	
1436	
2722	
20	
676	
2936	
1684	
3714	
2486	
2939	
3131	
831	
2905	
3552	
2421	
2906	
2721	
1702	
2565	
2394	
3728	
1736	
2032	
1067	
3813	
292	
1410	
1150	
3261	
1184	
1648	
3212	
2459	
1975	
1013	
1296	
1783	
2619	
1429	
1965	
978	
3838	
1682	
2770	
2960	
398	
150	
1882	
1993	
1404	
2338	
2015	
3826	
2579	
665	
1370	
3379	
3095	
2182	
2801	
1332	
3017	
1636	
1399	
3674	
3952	
1658	
2640	
2556	
477	
2925	
1681	
2322	
2888	
445	
101	
620	
3611	
1617	
3996	
2668	
2022	
58	
443	
168	
2547	
1009	
2129	
3396	
1424	
1403	
1713	
2230	
1877	
2987	
3027	
1734	
2892	
666	
90	
3556	
1325	
3827	
1575	
2531	
2708	
749	
2318	
338	
2224	
2122	
3689	
1209	
396	
763	
2604	
1218	
1806	
561	
80	
3963	
875	
1363	
1546	
3884	
3469	
2727	
553	
413	
1068	
1747	
1192	
1134	
2241	
903	
438	
3563	
900	
473	
805	
781	
576	
3174	
1974	
3593	
89	
121	
2258	
1143	
3891	
2058	
2511	
2637	
2820	
1407	
2989	
779	
170	
3606	
1159	
3910	
2614	
373	
3349	
3870	
638	
2412	
2914	
1629	
3745	
2229	
2170	
1700	
939	
1738	
1899	
686	
1821	
2607	
2148	
92	
1294	
1187	
1930	
2203	
1852	
2718	
1947	
2403	
1507	
149	
1728	
283	
3295	
2551	
2051	
1512	
2592	
1963	
3424	
423	
3116	
2423	
3602	
1900	
3411	
1367	
944	
3828	
596	
766	
463	
1605	
3861	
331	
1000	
3139	
1219	
3386	
3776	
1213	
1248	
496	
2267	
3653	
48	
2969	
2264	
834	
2823	
2756	
3938	
1666	
3896	
1832	
830	
705	
3101	
200	
192	
2934	
1233	
2605	
1277	
3254	
3480	
668	
2310	
681	
3445	
3482	
2268	
1071	
419	
2081	
3064	
2427	
1711	
1903	
2590	
2699	
2980	
3498	
1438	
3610	
3569	
24	
2951	
2521	
3696	
1896	
1205	
3715	
534	
2832	
3442	
3571	
1874	
1704	
1376	
352	
3352	
2881	
2913	
821	
399	
2435	
506	
2461	
2886	
1131	
3249	
1464	
3393	
1330	
3107	
3822	
1191	
3957	
3479	
72	
126	
3230	
3942	
3384	
153	
3201	
1879	
610	
156	
3443	
3746	
570	
2287	
3319	
3890	
2830	
2326	
3478	
2658	
2629	
1102	
1256	
2535	
2413	
2807	
1441	
2491	
2767	
848	
694	
870	
1552	
3292	
193	
1208	
2466	
45	
40	
219	
3660	
3259	
946	
3256	
1611	
1948	
2869	
1594	
325	
3920	
807	
616	
2320	
232	
2465	
25	
863	
3815	
3787	
301	
1810	
2885	
2337	
1106	
1725	
3923	
2398	
3562	
3765	
1890	
2178	
892	
3560	
1691	
3716	
2603	
2487	
1579	
3136	
1598	
1317	
1733	
1335	
39	
1079	
647	
3535	
3144	
3596	
2904	
2638	
2397	
2441	
588	
927	
3168	
254	
3847	
2928	
919	
1457	
1004	
298	
2095	
3387	
2780	
3900	
2153	
3470	
1923	
267	
3688	
1745	
851	
1	
974	
2436	
3344	
365	
499	
2908	
1732	
3654	
3303	
3708	
541	
1358	
981	
1058	
3554	
3860	
2439	
2671	
1971	
1799	
217	
3240	
1129	
3202	
1624	
696	
3130	
1781	
973	
2570	
3712	
366	
522	
2690	
1513	
2073	
649	
559	
1448	
260	
1568	
1084	
341	
2072	
1845	
751	
308	
2922	
1689	
1838	
2039	
441	
2218	
393	
1255	
3698	
2589	
2016	
838	
1754	
1693	
3403	
2709	
1519	
852	
3110	
2759	
334	
3819	
408	
823	
1238	
3949	
888	
2243	
1644	
1654	
3171	
3879	
578	
1042	
3999	
3265	
3663	
2049	
2994	
2145	
1236	
560	
2043	
2963	
3692	
526	
2289	
3798	
1197	
2811	
710	
29	
3281	
250	
405	
226	
161	
991	
2927	
1678	
960	
2393	
1041	
1822	
3050	
2483	
2304	
2094	
3956	
1024	
3289	
1808	
3253	
3176	
2537	
515	
932	
253	
28	
320	
2477	
3109	
3293	
850	
2907	
1854	
3416	
3121	
2253	
1620	
354	
3192	
1577	
1259	
1374	
271	
3851	
414	
1752	
466	
3680	
3322	
2482	
525	
1409	
312	
1508	
537	
1833	
3088	
3446	
1479	
994	
818	
1928	
1142	
632	
1138	
992	
1720	
3235	
356	
986	
1675	
3760	
3406	
2921	
2847	
3734	
261	
3147	
2294	
3217	
3913	
3736	
3669	
1155	
2776	
1927	
3517	
3723	
1544	
1170	
756	
3173	
3840	
1357	
3208	
3358	
3968	
2944	
2979	
154	
1095	
2142	
1895	
2110	
2442	
3011	
605	
197	
1231	
549	
2520	
2582	
3898	
1107	
2550	
3877	
173	
683	
811	
1765	
171	
3035	
3087	
3675	
2978	
3988	
1694	
1392	
639	
