2535	
986	
7386	
2977	
7775	
3500	
2373	
1122	
4589	
2487	
5304	
6574	
7989	
4143	
7878	
7378	
6587	
4454	
4906	
2414	
5599	
4102	
4465	
5762	
5384	
6262	
1093	
2730	
660	
2931	
715	
2366	
4032	
4510	
3368	
237	
619	
1971	
6234	
6671	
762	
4917	
4014	
48	
6213	
1669	
1734	
3167	
4354	
5989	
2859	
2998	
2206	
7366	
2658	
5082	
1426	
132	
5949	
3541	
3537	
231	
4418	
1028	
3878	
1968	
594	
1289	
490	
2841	
4660	
2416	
3247	
4987	
2158	
4250	
5257	
765	
5313	
4879	
6622	
5262	
6038	
2450	
6215	
2785	
3600	
5467	
5005	
6348	
6163	
6037	
6340	
945	
1253	
3023	
6919	
7679	
6477	
4900	
7660	
1329	
6356	
7718	
2275	
520	
1423	
2011	
3252	
6438	
2941	
2526	
5683	
5887	
2622	
1563	
1032	
6905	
4552	
450	
3240	
4540	
610	
3170	
5611	
4090	
1269	
4624	
3275	
7118	
3406	
5350	
3562	
6312	
531	
5750	
2528	
7918	
7196	
2770	
2784	
6372	
4183	
4149	
7582	
3385	
2495	
2542	
2777	
7274	
5234	
2081	
5064	
4770	
1247	
911	
1225	
6459	
1588	
7742	
6365	
2299	
7994	
1172	
333	
464	
5166	
2578	
5959	
5290	
6187	
5371	
895	
7037	
2153	
6272	
6998	
6490	
7656	
2595	
1043	
2838	
7298	
5585	
3736	
3376	
3997	
2480	
3360	
7834	
2393	
7744	
4822	
768	
6349	
7871	
1418	
6105	
7230	
7968	
6137	
2477	
7166	
1530	
4984	
7256	
4068	
524	
5126	
781	
4985	
722	
5203	
3656	
6774	
1847	
1599	
3282	
334	
2386	
474	
2573	
5841	
624	
3114	
3743	
396	
4154	
1362	
7598	
6484	
5549	
7756	
7844	
207	
1081	
3521	
6730	
6593	
186	
4803	
6020	
7738	
7997	
1535	
411	
1139	
5778	
550	
1124	
6178	
6908	
6245	
6122	
1784	
1848	
2338	
4006	
2773	
415	
2173	
5377	
663	
3148	
6907	
6667	
1741	
568	
598	
816	
588	
4578	
7737	
4677	
4535	
2088	
7439	
3621	
2644	
4219	
6471	
7741	
1186	
4986	
7969	
3177	
1433	
4934	
6267	
4828	
571	
7466	
3373	
3890	
1626	
3592	
4196	
6936	
4240	
233	
454	
6491	
3396	
3044	
5283	
7565	
573	
7772	
7855	
3897	
2148	
4969	
5483	
1273	
843	
5489	
3426	
7856	
1637	
3296	
2845	
7629	
1250	
1351	
5689	
3956	
7236	
5001	
7267	
5011	
1258	
1610	
3261	
5695	
7350	
5659	
6802	
4359	
2274	
7328	
7419	
2170	
7184	
4856	
1582	
7876	
5163	
5463	
639	
3188	
1546	
8000	
4397	
370	
6550	
4990	
1697	
405	
5231	
7995	
3639	
1942	
5182	
7456	
4553	
5357	
4437	
4911	
5514	
4964	
4193	
67	
2239	
6863	
7174	
1766	
5205	
5658	
7583	
3404	
5398	
3745	
95	
5067	
489	
1621	
3217	
1328	
4607	
6749	
239	
1809	
1767	
6066	
1606	
2353	
136	
672	
5117	
2052	
666	
982	
4819	
1237	
3496	
7403	
3342	
2551	
957	
2191	
6603	
1368	
2891	
2554	
6422	
4182	
748	
5761	
3211	
5165	
539	
7071	
3068	
2544	
2959	
1842	
3471	
1747	
4590	
3594	
7497	
3341	
3249	
5609	
5635	
6269	
5218	
256	
829	
1982	
6205	
5912	
3934	
7188	
4445	
4602	
7783	
3803	
6403	
2095	
1712	
7683	
5474	
5026	
5506	
7201	
5280	
6509	
4579	
950	
7574	
6025	
3640	
3176	
4902	
5840	
2031	
5486	
7529	
5096	
1042	
3563	
3190	
2955	
6738	
6557	
1523	
6869	
3804	
2225	
3629	
4543	
970	
3250	
6121	
7213	
2769	
4709	
2584	
7338	
3070	
483	
2939	
267	
7040	
2357	
4254	
5544	
1648	
4764	
1739	
4576	
6010	
7550	
2818	
3120	
3084	
1572	
5748	
7007	
828	
6595	
5878	
667	
345	
7699	
1235	
2712	
5854	
2464	
4847	
201	
4246	
2200	
6750	
4978	
2401	
6207	
942	
2887	
4966	
526	
5598	
4937	
1164	
5896	
3816	
5130	
7530	
366	
4264	
2404	
6081	
7398	
5097	
1782	
2032	
7176	
3783	
6570	
2001	
4375	
5074	
5028	
6801	
5053	
7947	
4499	
2432	
802	
3722	
7345	
121	
5676	
5692	
191	
1415	
7318	
5744	
7292	
2284	
17	
5588	
3944	
4096	
6834	
373	
4313	
77	
3690	
1692	
596	
5823	
7160	
629	
5093	
2029	
425	
5440	
545	
654	
7915	
7112	
1884	
3222	
3002	
824	
1608	
6107	
2571	
3981	
3593	
173	
4704	
3611	
4162	
3150	
4446	
1234	
590	
2885	
3180	
886	
4211	
3724	
4031	
6678	
2765	
4610	
6483	
3752	
981	
1564	
7152	
6111	
5537	
7525	
1054	
5902	
3317	
4500	
5688	
2756	
4997	
3793	
2253	
3583	
2117	
2848	
5217	
5021	
4407	
6940	
6100	
1464	
6060	
7304	
4111	
1952	
6019	
7019	
2179	
7755	
4831	
7874	
6329	
1934	
51	
7554	
1436	
2902	
7086	
4271	
7154	
7238	
4641	
144	
5070	
560	
6117	
1882	
4075	
2384	
6569	
1682	
6305	
3242	
6790	
1642	
5933	
566	
6029	
1805	
7218	
3831	
3734	
509	
6552	
4541	
386	
5555	
5212	
2217	
6578	
4573	
4637	
1359	
7896	
5627	
5531	
767	
216	
4652	
5186	
3294	
2685	
150	
7988	
4787	
3233	
1272	
3397	
5805	
7644	
6254	
6087	
5711	
1055	
5444	
457	
5092	
7608	
2161	
7528	
6828	
1761	
5299	
4185	
3702	
5161	
1897	
2668	
6812	
7868	
2665	
6322	
6740	
5176	
6153	
7151	
6155	
5929	
5408	
6364	
6362	
6618	
9	
2567	
2295	
1219	
4463	
3197	
310	
2003	
3336	
7709	
5383	
3453	
7842	
5792	
6661	
1603	
2796	
149	
988	
1542	
7802	
3883	
4261	
3631	
2400	
314	
7246	
349	
7135	
2058	
4378	
2912	
152	
2923	
3976	
7508	
6141	
5412	
2272	
270	
3048	
2297	
261	
1981	
4506	
2645	
7265	
2585	
1288	
2889	
2720	
4629	
2667	
3091	
439	
3559	
2251	
7551	
433	
6451	
7649	
6190	
2395	
6380	
7607	
6151	
2	
1069	
4963	
5741	
3199	
6881	
7710	
3549	
2252	
2082	
4727	
7515	
1617	
3493	
5615	
2962	
5140	
7327	
599	
6777	
1438	
7725	
7159	
6301	
4951	
2602	
7254	
572	
135	
6700	
682	
7216	
343	
5714	
2218	
3277	
4818	
4120	
7000	
2875	
7048	
7319	
6138	
5258	
5169	
6984	
2521	
1964	
7568	
6530	
1413	
3119	
1361	
7219	
5430	
4476	
7985	
4903	
6289	
4112	
7358	
4088	
3100	
6765	
3538	
6783	
4724	
4415	
4545	
2376	
1664	
7306	
5716	
1224	
5442	
751	
4139	
253	
1256	
83	
2866	
5815	
25	
4322	
7207	
861	
5236	
2093	
1167	
4103	
3393	
935	
3465	
6406	
2441	
7282	
3329	
7468	
7432	
3695	
7894	
4259	
4039	
7789	
3774	
5229	
5957	
2649	
7123	
5448	
3498	
5469	
7229	
2869	
7080	
2570	
5345	
7047	
3372	
5940	
6259	
2925	
2936	
3935	
4760	
1402	
2830	
4554	
956	
2268	
7904	
4194	
6945	
2843	
1614	
2160	
6467	
4346	
3954	
2812	
5944	
7404	
1520	
7808	
2791	
6681	
1189	
3154	
5475	
4105	
7504	
6335	
5047	
5447	
2305	
2805	
4960	
6521	
3314	
7121	
4301	
393	
6044	
2324	
5824	
3202	
922	
5806	
4017	
7806	
6689	
2639	
5780	
4395	
1417	
1726	
1732	
3579	
1724	
7963	
3721	
5050	
2749	
3135	
6223	
3609	
4043	
5809	
303	
1020	
2655	
7822	
6598	
1744	
2620	
1322	
7329	
1264	
4419	
5567	
3688	
2576	
700	
1305	
6463	
5837	
7084	
2123	
1705	
1641	
1394	
1311	
6164	
4520	
4315	
983	
576	
6766	
5664	
5302	
4817	
57	
2849	
4873	
3908	
3089	
5605	
1808	
658	
3888	
6261	
7349	
3354	
5678	
1231	
999	
7214	
4093	
3963	
2801	
4557	
82	
2470	
4297	
3894	
2944	
2559	
2907	
4697	
4192	
5787	
312	
6794	
5079	
6929	
6827	
5682	
3479	
6758	
6498	
365	
2062	
7905	
5532	
1630	
3508	
5528	
6897	
2989	
5451	
3273	
5324	
4235	
7411	
607	
6562	
1719	
131	
917	
158	
4774	
4129	
1853	
1918	
7681	
1850	
6198	
6844	
704	
3245	
444	
6067	
4424	
898	
6080	
3870	
3952	
585	
648	
2183	
833	
1121	
1815	
1681	
4600	
1457	
5966	
7450	
6803	
840	
7921	
2440	
3912	
1755	
1282	
5948	
963	
2800	
3248	
5889	
2028	
5882	
3686	
7248	
6297	
6009	
1046	
5576	
4428	
5574	
831	
4564	
5318	
620	
1632	
1356	
1481	
606	
870	
3726	
7136	
3400	
2719	
4971	
2472	
6747	
7427	
2475	
107	
2209	
2582	
212	
4071	
4877	
1762	
1635	
674	
4229	
4886	
5197	
1163	
6051	
94	
1373	
4186	
3254	
1462	
271	
5276	
6449	
5376	
7056	
124	
680	
7059	
5220	
210	
5457	
7774	
4728	
810	
1406	
4511	
7457	
7519	
1355	
4367	
2657	
5494	
3680	
1480	
297	
1644	
6653	
2291	
2696	
4583	
32	
1233	
4865	
3723	
6024	
2418	
3105	
1132	
1113	
3027	
3490	
647	
6054	
5051	
581	
2000	
1793	
7221	
1056	
1568	
6876	
2203	
3728	
4388	
2947	
3059	
1561	
4827	
4275	
3942	
6049	
3810	
2529	
3181	
3351	
5127	
1175	
6983	
4104	
7100	
7240	
2358	
2002	
5226	
4308	
6904	
6941	
7068	
5108	
5595	
7226	
5573	
2341	
4064	
455	
2780	
681	
26	
3420	
6209	
1973	
7823	
6782	
1286	
1029	
6670	
7057	
1746	
3951	
851	
2934	
5259	
4013	
2482	
2924	
2017	
2125	
7036	
5111	
4376	
1337	
1689	
7740	
3171	
367	
2335	
6691	
104	
6967	
7933	
5542	
7588	
4665	
4373	
4737	
2377	
5023	
3612	
2799	
807	
6071	
6021	
275	
7367	
2290	
5394	
7531	
5856	
1206	
2674	
1514	
50	
5323	
3921	
6977	
3416	
6895	
6231	
5657	
3972	
4998	
857	
2443	
2503	
3194	
3054	
6345	
4078	
519	
250	
764	
2164	
916	
2327	
41	
3198	
1616	
2156	
565	
2626	
5381	
6656	
3000	
2999	
380	
4087	
5037	
7290	
1600	
919	
2660	
7006	
84	
4843	
3554	
6734	
2932	
6464	
4649	
4890	
650	
6979	
3364	
906	
801	
1510	
3432	
6004	
4908	
3408	
7081	
1543	
5725	
7735	
2121	
7141	
3715	
6795	
974	
1559	
7096	
2763	
420	
902	
3418	
1220	
6576	
3764	
3660	
6771	
5249	
5822	
1114	
2549	
1216	
7829	
407	
141	
6543	
921	
7799	
7703	
4299	
2612	
3390	
4783	
933	
7689	
2398	
2983	
5341	
6078	
1485	
1352	
3904	
4057	
1742	
7422	
1116	
1504	
6446	
6401	
5722	
2314	
6901	
501	
4731	
4916	
6693	
593	
2718	
6823	
3457	
535	
2686	
523	
1584	
1154	
4205	
6631	
1620	
5209	
3889	
3910	
2541	
6119	
1214	
7564	
3681	
7521	
3407	
4880	
6	
3255	
3274	
923	
6165	
6721	
7099	
3946	
7066	
1209	
2154	
5221	
3055	
1986	
6725	
3832	
1838	
1479	
4349	
504	
1107	
4156	
2212	
2782	
255	
6982	
5045	
6098	
1966	
2248	
482	
6235	
6313	
3708	
3819	
1077	
7195	
2108	
7317	
4441	
7312	
4362	
2747	
7831	
1517	
1731	
1146	
323	
2705	
1052	
2975	
7477	
4812	
4662	
4739	
1647	
478	
3169	
5251	
772	
4619	
1519	
1619	
5793	
3875	
3526	
2039	
4711	
5418	
1574	
6352	
7857	
113	
7400	
5833	
7793	
1228	
4810	
4663	
7728	
5353	
7805	
5791	
7581	
238	
6295	
4556	
1229	
7374	
1768	
3987	
7449	
3901	
4909	
6913	
5892	
3066	
2873	
7370	
7638	
3874	
3060	
3353	
7387	
7453	
7180	
3667	
6501	
228	
7476	
5701	
7050	
3391	
6512	
6889	
4948	
7192	
4844	
5305	
4563	
3005	
5307	
6330	
964	
5479	
341	
2140	
5643	
5964	
5656	
980	
6497	
4053	
5810	
7827	
5845	
928	
2600	
269	
839	
6910	
7917	
2697	
1275	
6943	
5241	
159	
597	
547	
1969	
3121	
6182	
3118	
443	
2630	
7223	
7020	
888	
687	
5325	
7840	
1374	
5273	
5400	
2220	
1333	
1194	
6755	
1686	
4021	
637	
2064	
1278	
5164	
118	
3450	
300	
378	
584	
6236	
2403	
869	
1421	
5606	
557	
7627	
1826	
5718	
3415	
4779	
6145	
3834	
7162	
1759	
1672	
5433	
5967	
5673	
3207	
2964	
7147	
3876	
3015	
2564	
1381	
7091	
4317	
3168	
7830	
2926	
5829	
5454	
5891	
7134	
493	
5832	
486	
5596	
6206	
7459	
2094	
7156	
4790	
6775	
4609	
5365	
4020	
4119	
7766	
3959	
6773	
184	
6877	
3111	
5201	
3487	
1309	
5835	
2537	
1699	
5298	
6715	
7955	
1915	
1098	
3492	
4298	
1928	
6316	
2343	
3940	
3735	
1709	
971	
7409	
6074	
5759	
4022	
4094	
4030	
3046	
5868	
6669	
677	
872	
3134	
6788	
4432	
6673	
2286	
4455	
5802	
7961	
6434	
1483	
2640	
1516	
4473	
28	
3555	
225	
3887	
1625	
6947	
7888	
4489	
7952	
7562	
3936	
3175	
7676	
3016	
1503	
6228	
5765	
5529	
6932	
2717	
1439	
7280	
4386	
5804	
2687	
6191	
2265	
1941	
2817	
4976	
4874	
1213	
3370	
4044	
4953	
5476	
7628	
4775	
1270	
6657	
2675	
4305	
338	
5641	
3982	
1472	
2178	
859	
2144	
5717	
4710	
7951	
6841	
4680	
4248	
6200	
5978	
3442	
2113	
2517	
7107	
3088	
2855	
4025	
502	
7321	
3873	
4423	
413	
6731	
1560	
5634	
4526	
7372	
7131	
1553	
2969	
2957	
6172	
5981	
738	
3439	
6018	
5196	
6573	
7898	
7293	
3795	
5661	
3862	
918	
5141	
6607	
7284	
1965	
6436	
3635	
6461	
357	
5954	
347	
3749	
5247	
6602	
6077	
5420	
1205	
7311	
3733	
4148	
4140	
7046	
2953	
1502	
1017	
3687	
2215	
1147	
4875	
6613	
2066	
4438	
5604	
5399	
321	
5143	
6974	
5899	
761	
5864	
5520	
3369	
5035	
6767	
31	
3926	
3768	
5366	
98	
1527	
4851	
459	
556	
6821	
4449	
3852	
6684	
783	
463	
6456	
114	
2055	
5281	
3638	
2832	
1304	
2995	
3156	
1802	
3460	
4693	
3379	
718	
5648	
6318	
1856	
4580	
4623	
7407	
7012	
4532	
3868	
7157	
5177	
2396	
3063	
7950	
4107	
7999	
3676	
4943	
5860	
7538	
1346	
6043	
1498	
2850	
3007	
1728	
7488	
4360	
7266	
6224	
5017	
6586	
4692	
1120	
1756	
6629	
7687	
1405	
1980	
4056	
3678	
2690	
6846	
6672	
5033	
1049	
2672	
5857	
4892	
3964	
4054	
4686	
1204	
5545	
1754	
7736	
5723	
3856	
6833	
4173	
4035	
6986	
4811	
1079	
1156	
362	
4279	
1547	
4470	
3553	
1499	
832	
6052	
3235	
3916	
1796	
6338	
6992	
11	
6786	
2822	
3828	
5735	
4258	
4268	
7260	
876	
5988	
7382	
4150	
4045	
2049	
5803	
6505	
3769	
2723	
4282	
6568	
1661	
6062	
7355	
4805	
5477	
1662	
3821	
2689	
2905	
1190	
2610	
7761	
1615	
1652	
2636	
952	
3438	
5582	
6109	
304	
7153	
7288	
2288	
7815	
4565	
4970	
5192	
3782	
1829	
7494	
7128	
2984	
5042	
937	
6902	
6894	
6253	
4385	
7106	
5687	
2943	
3773	
103	
7461	
1750	
497	
1348	
6916	
4946	
7810	
4915	
7589	
2427	
6146	
6822	
4484	
3305	
6065	
2302	
4801	
7807	
6094	
775	
2706	
4824	
6275	
4287	
7505	
4667	
6726	
4372	
7402	
5167	
6858	
6287	
1758	
1151	
3286	
3103	
2118	
3224	
4539	
1027	
5184	
6058	
6556	
3525	
6042	
817	
4302	
3229	
6939	
6563	
858	
2867	
3716	
3276	
623	
3962	
990	
2186	
1806	
313	
3219	
6216	
5505	
3622	
6460	
2550	
546	
1040	
3730	
3713	
5027	
6265	
841	
4304	
4942	
7590	
4135	
1577	
428	
774	
6294	
1398	
3326	
4037	
7125	
7794	
1629	
5490	
1824	
5498	
3848	
2312	
3159	
7	
6005	
6126	
5749	
7281	
513	
7323	
6981	
6868	
4933	
1792	
5150	
7763	
5181	
6951	
5245	
1493	
4117	
169	
6110	
4280	
5708	
7678	
5663	
4471	
2914	
739	
1914	
2446	
4592	
4216	
4269	
7847	
1631	
4097	
1786	
5263	
2266	
6698	
2316	
7726	
3818	
6649	
4684	
5955	
6099	
6991	
4209	
5168	
5062	
1960	
2793	
3909	
4616	
7552	
2116	
3071	
6385	
7287	
3497	
2258	
5492	
1003	
4871	
1393	
133	
871	
4798	
4642	
2037	
5106	
467	
361	
6492	
1587	
7347	
815	
5083	
5712	
5859	
2420	
7526	
3692	
3506	
5321	
5391	
246	
3464	
1640	
5275	
1913	
75	
4292	
4777	
369	
1478	
1150	
5811	
6832	
6392	
1293	
7771	
5873	
5548	
2280	
2423	
6781	
6092	
168	
1301	
3398	
7413	
3160	
6742	
7972	
1903	
7916	
1432	
2247	
259	
2781	
7758	
7826	
1787	
4544	
5000	
4679	
5046	
1810	
701	
3502	
3610	
944	
3284	
7636	
171	
4567	
6210	
4310	
3232	
3162	
1064	
5994	
5059	
6441	
4618	
1931	
119	
3762	
6648	
578	
7664	
154	
5601	
7959	
162	
4920	
2670	
5827	
719	
1170	
1909	
6239	
1729	
6411	
1392	
4435	
4657	
3409	
3451	
6948	
74	
1366	
2605	
5910	
1656	
4566	
3677	
3789	
6546	
290	
3826	
6462	
1198	
4190	
2453	
3141	
5024	
252	
477	
7685	
7016	
3655	
721	
2177	
1550	
6716	
2688	
356	
1157	
5057	
5364	
4084	
2168	
2974	
2378	
6016	
7570	
3057	
3456	
6367	
5590	
3885	
729	
6760	
1710	
6925	
2847	
3608	
544	
2004	
3654	
635	
4894	
5754	
3340	
153	
3658	
5094	
6242	
3290	
4207	
4379	
4913	
1570	
1565	
3212	
4091	
4311	
4451	
325	
7820	
1448	
5533	
2027	
7547	
5238	
5411	
830	
583	
709	
6712	
2698	
3694	
1922	
6354	
1466	
7694	
7941	
4577	
117	
6764	
2614	
7749	
559	
1009	
2681	
3281	
5355	
657	
6825	
5995	
1192	
7437	
3642	
3291	
5264	
4496	
264	
2772	
3288	
3307	
2347	
3006	
5820	
2606	
4695	
6308	
646	
306	
4781	
7533	
788	
2061	
2842	
4486	
2281	
7285	
3279	
2629	
3097	
4309	
4626	
187	
1484	
4142	
2601	
241	
165	
7697	
622	
156	
1145	
2666	
4114	
3636	
3270	
5888	
7621	
6399	
6732	
7460	
5485	
3213	
5913	
932	
4768	
1245	
2860	
7983	
5286	
6729	
1604	
5930	
5019	
1860	
491	
6386	
2538	
4807	
412	
147	
3806	
4245	
2390	
7852	
198	
7262	
2835	
3518	
22	
7596	
2589	
4820	
2790	
129	
7511	
1601	
6639	
1554	
97	
6481	
3756	
6912	
4888	
2089	
2613	
613	
7371	
770	
6544	
453	
890	
7958	
2195	
4339	
2764	
2084	
4406	
6575	
5592	
6219	
4073	
285	
7776	
4405	
6226	
6086	
6423	
3443	
7743	
7491	
4403	
3971	
6499	
5336	
6203	
5	
6357	
3682	
2283	
3590	
465	
1380	
745	
5058	
247	
3697	
7173	
1703	
2520	
5575	
1694	
6194	
4513	
5055	
4069	
3754	
1035	
642	
4213	
1819	
3720	
5637	
960	
2038	
5875	
2522	
6410	
3947	
3892	
4409	
4330	
7010	
2946	
6805	
7700	
1830	
4195	
3040	
1518	
6820	
1865	
7544	
1845	
552	
5909	
4113	
6218	
4179	
3744	
5622	
4587	
2071	
5036	
2057	
3200	
668	
5191	
2331	
2711	
5252	
4062	
1397	
389	
6640	
7326	
1202	
7070	
4019	
1371	
1063	
3447	
5503	
1707	
2677	
6748	
4622	
2794	
2101	
3531	
387	
4152	
6369	
7436	
3019	
7556	
1118	
6383	
4858	
3081	
4682	
4368	
3646	
7792	
7354	
2287	
5928	
7781	
2733	
2374	
6280	
7987	
1476	
2603	
400	
4905	
6704	
6278	
60	
4722	
126	
5623	
3358	
1425	
2056	
7537	
4260	
4884	
7297	
6274	
2646	
1445	
263	
763	
993	
1021	
3300	
6112	
3589	
1730	
7928	
6057	
4225	
5962	
6186	
3024	
6013	
2954	
1200	
2486	
3268	
6695	
6185	
6342	
6368	
7560	
5187	
2112	
4547	
5799	
4356	
5790	
2767	
6615	
6804	
4276	
7337	
5482	
6836	
5607	
3166	
2963	
6528	
3719	
3939	
5523	
1578	
106	
2350	
3428	
7642	
3064	
2948	
1090	
2346	
2892	
6381	
4417	
6258	
5668	
3065	
7052	
1456	
2940	
995	
1748	
5439	
7606	
994	
4007	
7102	
3718	
1345	
245	
6551	
2967	
2351	
1745	
6958	
5006	
7388	
3272	
7167	
6285	
5175	
2340	
7028	
7431	
3475	
3210	
5517	
1749	
6718	
6583	
4158	
6692	
56	
5843	
2132	
6900	
7745	
4337	
5409	
4650	
7109	
488	
3514	
7250	
7421	
3238	
1038	
4898	
4065	
3651	
7172	
2548	
500	
5774	
6643	
1295	
2430	
2402	
6641	
3765	
3225	
2547	
882	
7704	
1387	
3139	
2059	
4605	
115	
5956	
6882	
1677	
2609	
6644	
174	
5559	
879	
1208	
4673	
3187	
449	
655	
6918	
4876	
4288	
7452	
5726	
3712	
244	
1303	
1088	
4881	
4255	
1512	
892	
3865	
844	
6104	
4128	
5752	
6225	
2230	
4285	
3945	
1870	
5565	
1704	
6336	
5784	
856	
3684	
7083	
3072	
5853	
2434	
6012	
4705	
7206	
638	
3556	
3377	
3519	
5969	
2311	
730	
7576	
1825	
5124	
1678	
3069	
6046	
1660	
322	
7178	
3536	
4961	
5219	
1714	
1947	
5921	
4083	
887	
5794	
4816	
472	
5228	
732	
3560	
6502	
4537	
5566	
6175	
693	
6251	
7698	
1324	
7447	
2510	
7543	
2167	
2916	
5849	
7869	
1900	
1188	
3755	
651	
5013	
5730	
7464	
5493	
487	
7146	
6069	
7113	
604	
975	
2694	
35	
3378	
3781	
301	
1875	
6073	
7346	
6397	
7569	
3880	
6421	
7458	
1377	
4840	
438	
759	
2804	
3641	
6220	
6469	
5626	
3801	
5131	
2054	
3582	
182	
3836	
6486	
3152	
4421	
3421	
7545	
86	
1222	
3226	
4202	
5551	
7078	
7376	
938	
6815	
3891	
4944	
5003	
4444	
421	
5985	
7095	
5031	
4534	
1424	
5312	
7882	
5118	
569	
4730	
726	
1713	
4593	
4481	
1384	
5671	
1257	
4267	
1320	
2263	
7673	
66	
6938	
2333	
3163	
91	
1939	
3595	
7225	
6282	
3474	
4352	
2851	
1698	
4381	
1089	
27	
3386	
6526	
5478	
6949	
36	
1223	
5134	
7137	
6584	
7812	
7971	
1605	
7495	
5445	
6022	
5214	
811	
6168	
4262	
1880	
7444	
1892	
3227	
2363	
837	
1788	
6515	
5558	
335	
2497	
6849	
563	
3230	
1297	
2956	
2128	
6814	
5600	
5898	
1927	
4505	
6585	
6923	
1978	
5481	
1467	
1723	
4632	
1991	
696	
4018	
6762	
7666	
6396	
4076	
3367	
401	
1945	
3130	
7860	
786	
925	
175	
5487	
3979	
5694	
5422	
5099	
3436	
5389	
5876	
6281	
4699	
2449	
7335	
2157	
7864	
5617	
2973	
2199	
1958	
6162	
7303	
1688	
3943	
5920	
6045	
755	
55	
4340	
3930	
4791	
211	
2271	
6332	
6705	
5756	
627	
6743	
5691	
6813	
4965	
6475	
1300	
6879	
1318	
363	
7381	
4940	
4633	
4825	
5446	
2829	
7215	
611	
3983	
1109	
403	
4	
265	
4561	
4548	
7363	
5065	
3003	
2638	
5149	
5404	
5646	
3815	
1215	
2828	
4491	
7305	
7908	
5390	
4452	
4106	
5410	
7618	
12	
7877	
1566	
7035	
4212	
283	
4316	
2127	
4860	
5104	
7974	
6597	
7645	
7865	
7110	
7014	
1084	
3403	
4203	
7356	
6279	
2065	
1	
2381	
4131	
5496	
4284	
6488	
7653	
1339	
6050	
6361	
3025	
6964	
5524	
5171	
3031	
3575	
2426	
1450	
4634	
3995	
4371	
716	
219	
5294	
1972	
1898	
1488	
5614	
4427	
7524	
2455	
5938	
7300	
7339	
6177	
2419	
4720	
222	
4625	
3356	
5080	
5235	
6706	
7619	
2815	
943	
6538	
344	
1431	
6519	
5105	
3236	
1611	
2303	
2986	
4429	
3881	
5289	
3540	
7992	
3747	
7978	
1500	
4995	
4849	
3534	
735	
1940	
2473	
2256	
553	
5208	
447	
3915	
6899	
1385	
5919	
4736	
1776	
6660	
7333	
6694	
1115	
7708	
2741	
5224	
5947	
4658	
3468	
2949	
1482	
6873	
2424	
6996	
6921	
673	
6733	
3082	
1494	
203	
5795	
2313	
2579	
4058	
948	
1654	
5056	
1653	
750	
4733	
2051	
3383	
4723	
7344	
7185	
5293	
6520	
2207	
6250	
4321	
6845	
2713	
5025	
7098	
5577	
4639	
3085	
7853	
968	
1933	
6968	
5705	
6113	
5265	
848	
7148	
1757	
1191	
229	
3653	
4754	
6848	
1961	
893	
989	
38	
3424	
3580	
5670	
4527	
4975	
2264	
287	
5154	
2159	
6027	
7924	
3516	
4336	
5645	
1576	
7343	
6961	
6331	
5462	
6737	
2103	
5372	
1883	
1252	
1858	
7817	
5215	
7119	
1468	
5395	
4924	
6633	
5721	
6922	
6199	
6402	
3844	
1372	
7973	
5557	
2213	
5731	
1461	
2565	
2743	
5043	
6838	
7239	
7208	
4855	
6824	
1343	
1404	
3543	
7001	
1142	
2527	
3223	
4530	
5897	
1378	
4187	
1495	
2577	
1005	
1294	
3574	
555	
4927	
59	
3485	
337	
7149	
3495	
6594	
3811	
7631	
5801	
2328	
1408	
7734	
7257	
6123	
766	
6179	
3333	
562	
4048	
2727	
1613	
4762	
5773	
1180	
2703	
2150	
5644	
5693	
6751	
3164	
758	
5797	
2691	
2518	
1743	
6666	
7751	
2970	
838	
223	
79	
6887	
4123	
1126	
6311	
7003	
3241	
6270	
1291	
5507	
7391	
6903	
2042	
6320	
143	
3601	
5316	
2135	
1602	
3900	
2997	
7276	
5686	
1835	
1128	
7361	
1097	
1019	
6739	
7548	
5894	
4751	
1364	
1816	
3234	
6577	
7429	
4651	
2016	
5232	
3174	
1375	
6076	
6592	
2383	
3827	
5942	
5374	
4823	
5584	
5733	
7701	
1612	
6448	
4478	
2021	
6011	
148	
1261	
4029	
2163	
1752	
605	
7352	
846	
7702	
1451	
3431	
5009	
5814	
5685	
3820	
5869	
7670	
4826	
372	
5916	
7858	
4227	
790	
3454	
6655	
6896	
2896	
2856	
3285	
2355	
2133	
7800	
2662	
105	
1105	
5963	
3792	
671	
3662	
5941	
1073	
3877	
2410	
1155	
749	
7696	
4603	
3784	
458	
5697	
4218	
7760	
1622	
5385	
4402	
7384	
1165	
7625	
1775	
5468	
3412	
4396	
392	
7657	
2301	
3228	
1101	
2262	
1700	
3659	
1108	
4947	
5335	
142	
1290	
7169	
3751	
2505	
1401	
2930	
5450	
567	
1658	
1102	
808	
6561	
558	
2047	
3295	
5292	
3394	
4278	
3807	
1508	
6950	
2615	
4551	
6727	
6184	
3123	
5254	
1735	
6770	
6414	
7075	
2623	
4789	
3041	
4850	
3977	
1831	
1429	
1764	
4098	
109	
5206	
4495	
6710	
1182	
4266	
5895	
7231	
909	
1196	
1562	
471	
7212	
5961	
4303	
1679	
7919	
7241	
5115	
3237	
2155	
5999	
3122	
61	
5393	
7397	
3758	
3036	
6246	
5907	
5924	
3215	
3043	
6221	
7473	
7501	
5727	
7784	
4800	
1984	
827	
5554	
1868	
3079	
2594	
6890	
7423	
7846	
70	
3437	
4628	
4740	
3823	
44	
5547	
7330	
1197	
866	
6314	
2965	
3185	
3477	
4743	
2927	
7009	
5541	
510	
7082	
6642	
7612	
5781	
5782	
5650	
7600	
1210	
6466	
632	
615	
653	
7635	
2735	
5642	
319	
4366	
4201	
64	
3933	
3731	
4391	
5556	
7425	
5295	
1246	
3670	
1319	
3570	
4907	
2277	
7714	
1901	
93	
3325	
3980	
5225	
4896	
675	
1376	
7769	
6395	
4217	
7594	
3960	
2367	
7042	
3173	
7739	
2990	
4897	
7027	
3674	
2467	
498	
406	
3741	
2966	
4426	
2900	
3467	
1924	
7953	
5109	
4492	
3993	
4627	
3092	
4588	
5583	
5908	
5742	
5328	
3760	
3616	
3052	
4648	
6260	
7549	
5018	
5675	
2976	
728	
692	
3558	
6394	
3209	
2754	
7227	
2194	
6171	
6588	
2755	
7555	
1871	
7945	
4893	
640	
5679	
6911	
3022	
4239	
6915	
4853	
714	
202	
3204	
6534	
5288	
5563	
6978	
7586	
5871	
6658	
7145	
521	
6366	
792	
6233	
5296	
7932	
5461	
1551	
4226	
538	
1177	
2171	
2814	
7604	
5905	
6611	
1276	
5423	
4706	
1836	
7430	
7418	
5044	
2886	
423	
49	
7055	
3931	
6130	
120	
7069	
6793	
5311	
5736	
5651	
7861	
3645	
1949	
7841	
4613	
127	
5581	
7899	
6257	
4982	
3138	
2428	
397	
3302	
2619	
860	
5402	
5438	
2803	
3597	
6015	
1509	
2509	
3522	
473	
6688	
522	
1292	
2738	
4167	
3366	
2020	
2356	
3381	
5432	
328	
1812	
7727	
1306	
3480	
3362	
7750	
806	
2700	
7890	
1638	
6510	
1308	
3096	
7813	
5768	
4320	
4041	
7202	
3510	
577	
484	
1248	
4170	
5783	
6409	
6826	
7140	
7880	
6865	
702	
7507	
5527	
7943	
5039	
1260	
3073	
7064	
46	
854	
4335	
3050	
1649	
5339	
3452	
7641	
176	
1016	
5419	
7913	
1391	
7072	
5728	
4833	
3205	
5424	
2664	
4758	
6798	
6995	
6143	
3628	
4363	
6152	
7677	
5903	
6975	
2086	
3132	
145	
514	
561	
4312	
5935	
1271	
5243	
6039	
7379	
3833	
5155	
7051	
821	
5040	
1434	
5253	
7770	
3864	
1396	
6212	
6440	
5543	
2422	
5865	
2198	
7243	
3709	
3837	
3794	
2379	
6962	
3472	
1893	
2632	
6683	
2098	
6524	
4560	
3478	
2810	
3643	
5777	
4772	
4215	
7483	
962	
6608	
1267	
37	
4134	
326	
5061	
4005	
7481	
6055	
2543	
2245	
7342	
1540	
6720	
125	
7190	
3323	
5133	
2779	
7722	
5518	
7331	
2707	
7690	
2748	
456	
6779	
754	
2760	
81	
1045	
7984	
6843	
305	
298	
1760	
2586	
985	
2635	
2734	
7934	
3411	
6192	
284	
5828	
448	
652	
6620	
5386	
2519	
7111	
2119	
2971	
7797	
199	
7340	
1803	
6531	
3841	
1403	
3572	
6800	
163	
100	
7622	
3898	
4323	
3191	
6722	
3	
6835	
3710	
4341	
3544	
2040	
2137	
753	
7693	
2391	
6599	
7004	
6709	
6359	
1919	
5137	
2223	
6309	
5578	
4518	
2382	
3925	
4399	
3798	
2736	
736	
7967	
1675	
7867	
6370	
734	
7209	
6652	
7682	
5900	
6431	
1987	
481	
1937	
2904	
7029	
2507	
4655	
4741	
665	
7474	
2492	
5340	
1203	
2087	
4074	
3528	
279	
6412	
4291	
294	
5441	
1014	
7451	
339	
2745	
3766	
1844	
4413	
6476	
5960	
1801	
6891	
5560	
2369	
6041	
4883	
2292	
7359	
4447	
6405	
6769	
3838	
706	
1794	
2546	
224	
1956	
1623	
3788	
5534	
6624	
6232	
7819	
1444	
5618	
6083	
6391	
2320	
3949	
6183	
3871	
7299	
5984	
2897	
2278	
7912	
662	
7938	
4839	
6337	
5729	
2019	
6028	
2506	
5076	
5974	
5020	
787	
460	
1666	
2874	
2244	
1091	
710	
4387	
4412	
4130	
4314	
1515	
1780	
102	
7669	
3948	
5343	
3266	
899	
1427	
6703	
1437	
6540	
218	
6933	
2307	
3517	
3182	
3193	
6002	
5112	
4524	
5698	
6197	
6453	
2139	
4747	
6006	
7158	
3012	
6150	
1080	
7886	
2920	
3918	
5775	
626	
4715	
5373	
6416	
3316	
4714	
1002	
7986	
1123	
4082	
5382	
5654	
6393	
3634	
2321	
5931	
6784	
1143	
7809	
6432	
3923	
4460	
930	
4353	
4516	
2739	
1580	
1259	
3797	
4040	
5946	
5936	
1798	
5715	
4786	
2300	
6084	
258	
5291	
1943	
2991	
2826	
1169	
3131	
2079	
698	
3696	
4749	
1797	
3008	
4646	
5216	
3955	
5480	
2109	
7859	
4744	
2330	
7115	
3425	
1400	
4809	
6247	
4845	
2607	
7654	
5077	
327	
1886	
289	
1360	
1327	
5968	
3098	
5388	
3851	
5979	
7193	
6582	
819	
6565	
1921	
3591	
7975	
3306	
803	
2502	
2193	
862	
160	
1779	
727	
7368	
2787	
616	
4949	
2012	
2130	
5818	
6240	
5406	
2494	
3260	
6985	
6114	
4164	
6264	
7186	
3486	
7177	
6650	
7011	
4678	
4797	
7870	
376	
3835	
3903	
441	
167	
1701	
4138	
7695	
1910	
1066	
4688	
7998	
3978	
3650	
961	
5639	
3899	
4815	
7426	
6135	
6290	
5918	
4256	
5904	
2872	
7161	
7863	
4095	
2489	
2728	
151	
7532	
4081	
5110	
1347	
2077	
7854	
5842	
5158	
3757	
2625	
2652	
3785	
4026	
139	
1598	
2854	
5522	
2753	
2260	
3533	
92	
5640	
7120	
6791	
1407	
7906	
317	
3347	
725	
4914	
7925	
6214	
2575	
320	
5452	
1326	
6378	
5069	
6761	
4836	
6511	
1618	
3483	
4612	
1833	
4099	
2533	
743	
3484	
2572	
5838	
3195	
4384	
7893	
3157	
1864	
1061	
689	
7063	
4571	
4028	
3532	
2452	
3812	
2490	
6508	
6442	
4708	
6780	
1889	
4197	
2708	
3565	
1902	
475	
1059	
5429	
7592	
5597	
7536	
4891	
5817	
251	
3004	
19	
4132	
6420	
5624	
3569	
2960	
7030	
108	
4899	
3029	
7786	
1251	
2809	
1430	
5354	
3809	
2540	
6321	
7930	
5301	
3685	
6142	
1657	
3850	
3013	
5690	
3973	
3099	
479	
5361	
997	
4864	
7251	
6473	
2138	
2555	
5707	
3196	
5459	
7067	
7415	
6690	
644	
5883	
2068	
2496	
7553	
1060	
6506	
2795	
5943	
6756	
5458	
5272	
6516	
2751	
5796	
4517	
1979	
979	
4157	
7872	
2643	
3992	
3605	
2462	
7778	
5965	
3839	
4464	
1411	
7935	
5179	
6920	
1218	
6514	
6263	
309	
1736	
4070	
3263	
7475	
4654	
2023	
2435	
2617	
1999	
1537	
4361	
5753	
3907	
7559	
708	
6400	
2816	
1811	
795	
4755	
3186	
5743	
4033	
7818	
1556	
6663	
659	
2929	
6553	
130	
3753	
7018	
7025	
929	
2903	
5148	
7455	
4101	
1771	
896	
2124	
7821	
282	
540	
6148	
4707	
6662	
5776	
548	
6768	
3673	
2928	
3853	
4079	
4286	
3289	
7443	
1226	
4343	
530	
591	
2102	
2030	
5594	
5012	
311	
7889	
2710	
1534	
4191	
5844	
382	
5739	
3542	
2888	
5332	
2979	
5087	
7142	
7420	
6946	
7465	
7044	
7224	
1475	
3459	
7198	
7540	
7114	
6589	
6323	
5734	
3001	
2857	
2534	
4108	
1552	
6196	
1455	
6507	
2348	
4370	
1859	
3787	
6763	
5270	
5222	
3104	
6581	
416	
6839	
7706	
1036	
3321	
3615	
4993	
90	
5550	
3584	
823	
1057	
4109	
2413	
4703	
331	
7922	
2917	
2463	
336	
4808	
6047	
5116	
771	
332	
664	
4895	
5508	
2840	
804	
7416	
6140	
6696	
1887	
1854	
2279	
6437	
7845	
3331	
6837	
6787	
409	
3414	
1331	
4089	
4333	
7200	
1591	
3280	
3410	
1266	
1243	
1846	
1651	
6818	
2898	
1082	
7527	
6127	
1583	
2714	
3020	
5491	
7731	
3657	
3309	
3644	
1569	
6147	
705	
181	
432	
5917	
3843	
3430	
4868	
1386	
2499	
7232	
5072	
6116	
4954	
7713	
5927	
850	
7399	
6736	
6424	
2942	
6960	
342	
3913	
24	
5455	
3330	
5808	
2429	
7595	
1148	
1152	
7804	
5367	
541	
4550	
670	
4700	
4325	
3074	
3078	
2807	
7478	
3958	
3902	
2120	
4598	
5619	
6796	
2653	
4721	
3283	
4835	
2569	
7362	
2729	
5504	
7410	
434	
1873	
5677	
4930	
2069	
7101	
2131	
6676	
528	
278	
5100	
3905	
852	
2466	
1544	
4675	
6353	
579	
7597	
1349	
5519	
324	
3637	
4461	
4242	
1125	
6417	
7023	
5122	
5090	
7045	
3969	
3476	
2172	
7463	
3115	
2702	
1862	
1350	
7942	
4509	
1891	
756	
4854	
7428	
5331	
88	
2972	
5911	
2560	
7245	
3896	
3524	
7486	
5310	
6567	
5436	
3664	
1807	
2633	
6874	
7926	
1988	
676	
5830	
3938	
1932	
784	
1513	
2895	
6237	
7759	
7650	
1285	
6271	
4244	
1590	
6468	
554	
2250	
785	
296	
1976	
1491	
3365	
7838	
436	
4243	
2146	
3441	
7187	
4746	
6304	
1781	
1141	
2214	
7617	
1501	
5346	
4904	
5771	
508	
390	
7264	
1573	
2308	
2588	
3080	
2877	
2145	
3950	
7881	
1095	
5813	
3301	
7848	
2766	
7417	
683	
4010	
5471	
5798	
72	
6792	
111	
7661	
7782	
1011	
4326	
1985	
4615	
3985	
7144	
209	
5636	
789	
374	
7633	
878	
951	
6053	
5502	
6408	
4015	
6457	
6173	
1183	
1211	
3357	
3567	
2879	
3729	
511	
5136	
5348	
1957	
2491	
3133	
4689	
3578	
5337	
1379	
5667	
6600	
1905	
5724	
178	
213	
7851	
7711	
4848	
7541	
678	
7839	
1555	
1953	
5512	
3146	
6229	
4171	
3278	
2637	
3161	
318	
4983	
5572	
5244	
7887	
1906	
1904	
669	
6659	
1525	
496	
5901	
4174	
6375	
5188	
4702	
4133	
4595	
914	
43	
5303	
5501	
7620	
4584	
6299	
3552	
5499	
7127	
3253	
5174	
7490	
7489	
1299	
7026	
1369	
7414	
3371	
402	
2484	
6965	
5950	
7885	
2406	
348	
2458	
10	
4466	
5240	
7375	
7261	
2825	
4161	
4796	
4515	
1281	
6728	
6799	
1161	
4950	
6286	
3093	
7665	
656	
2174	
4222	
4153	
6525	
2562	
4049	
364	
881	
6855	
4529	
3759	
900	
6496	
4638	
1963	
7902	
4782	
6176	
2531	
3805	
2918	
7065	
4180	
3586	
466	
575	
4832	
4324	
1315	
7981	
299	
6776	
7897	
494	
5185	
4273	
711	
6326	
6181	
941	
1533	
6970	
1935	
7516	
375	
6871	
5612	
1065	
4717	
7909	
3113	
7089	
499	
4581	
4100	
5368	
6413	
2922	
2750	
2342	
3455	
6376	
4210	
7295	
621	
2911	
6677	
1633	
6723	
7643	
6816	
5934	
1024	
3090	
4168	
4859	
1277	
6842	
6523	
4956	
3009	
2701	
4155	
6341	
5084	
